14,8737,7427
14,8663,7470
14,8706,7521
14,8840,7589
14,8916,7630
14,8853,7662
14,8779,7770
14,8804,7966
14,8923,8014
14,8987,8092
14,8974,8072
14,8866,8003
14,8621,7768
14,8376,7406
14,8224,7118
14,8135,6975
14,7962,6676
14,7751,6267
14,7563,5895
14,7421,5669
14,7326,5550
14,7222,5423
14,7084,5254
14,6936,5045
14,6791,4893
14,6632,4763
14,6514,4692
14,6432,4628
14,6317,4543
14,6191,4493
14,6094,4464
14,6047,4450
14,6045,4452
14,6414,4796
14,7178,5866
14,7558,6393
14,7892,6789
14,8211,7107
14,8413,7327
14,8592,7512
14,8783,7687
14,8926,7765
14,8994,7864
14,9002,7988
14,9032,8053
14,9079,8063
14,9087,8077
14,9089,8035
14,9027,8012
14,8899,7939
14,8749,7774
14,8615,7583
14,8411,7296
14,8231,7026
14,8137,6966
14,8065,6952
14,7957,6883
14,7850,6793
14,7765,6707
14,7704,6634
14,7617,6504
14,7519,6370
14,7432,6264
14,7405,6233
14,7474,6383
14,7680,6702
14,7906,6972
14,8018,7117
14,8107,7227
14,8237,7363
14,8396,7500
14,8589,7658
14,8767,7867
14,8913,7979
14,8998,8032
14,9034,8096
14,9084,8117
14,9102,8144
14,9091,8181
14,9078,8141
14,8987,8107
14,8910,8017
14,8749,7803
14,8530,7632
14,8381,7356
14,8201,7063
14,8017,6859
14,7914,6802
14,7753,6630
14,7572,6437
14,7436,6262
14,7317,6082
14,7189,5939
14,7158,5889
14,7073,5815
14,6875,5575
14,6724,5400
14,6589,5279
14,6502,5179
14,6562,5256
14,6790,5566
14,7118,6026
14,7460,6568
14,7787,6827
14,8125,7030
14,8396,7265
14,8598,7498
14,8729,7667
14,8856,7745
14,8935,7854
14,8937,7979
14,8954,8033
14,8990,8033
14,9030,8032
14,9062,8038
14,9024,8052
14,8933,8037
14,8821,7984
14,8772,7763
14,8598,7530
14,8394,7325
14,8271,7197
14,8161,7110
14,8044,7025
14,7924,6898
14,7823,6776
14,7750,6701
14,7652,6580
14,7519,6395
14,7389,6145
14,7240,5867
14,7103,5663
14,6999,5519
14,6908,5402
14,6808,5289
14,6759,5231
14,6737,5204
14,6748,5219
14,6834,5339
14,7088,5725
14,7341,6170
14,7753,6728
14,8108,7052
14,8318,7239
14,8530,7473
14,8736,7727
14,8891,7842
14,8982,7887
14,9004,7964
14,8995,8049
