24,7115,9057
24,7078,9305
24,7220,9469
24,7304,9584
24,7376,9640
24,7369,9637
24,7293,9515
24,7281,9445
24,7301,9502
24,7314,9599
24,7185,9564
24,7043,9358
24,6964,8979
24,6777,8644
24,6605,8294
24,6423,7787
24,6393,7727
24,6377,7718
24,6307,7610
24,6249,7530
24,6204,7479
24,6159,7368
24,6039,7120
24,5962,6967
24,5924,6857
24,5913,6854
24,5967,7021
24,6161,7551
24,6450,8132
24,6621,8362
24,6791,8612
24,6900,8811
24,6970,8991
24,7057,9088
24,7145,9152
24,7213,9189
24,7256,9222
24,7231,9230
24,7153,9119
24,7050,8918
24,6910,8711
24,6740,8476
24,6579,8196
24,6526,8064
24,6500,8005
24,6444,7928
24,6379,7778
24,6197,7315
24,6112,7103
24,6120,7112
24,6115,7115
24,6104,7107
24,6083,7082
24,6059,7050
24,6034,7007
24,5982,6960
24,5921,6869
24,5893,6800
24,5960,6955
24,6211,7569
24,6412,8000
24,6612,8294
24,6773,8502
24,6893,8669
24,6986,8822
24,7045,8942
24,7111,9052
24,7184,9124
24,7245,9185
24,7273,9232
24,7269,9268
24,7257,9278
24,7222,9210
24,7174,9046
24,7053,8747
24,6836,8392
24,6800,8352
24,6768,8331
24,6751,8322
24,6749,8317
24,6729,8312
24,6635,8261
24,6560,8159
24,6488,8001
24,6411,7884
24,6316,7791
24,6142,7648
24,5954,7381
24,5909,7229
24,5888,7121
24,5869,7044
24,5809,6905
24,5741,6750
24,5719,6661
24,5713,6611
24,5715,6597
24,5819,6846
24,6198,7685
24,6469,8154
24,6725,8504
24,6880,8720
24,6973,8886
24,7042,9020
24,7121,9118
24,7199,9185
24,7240,9251
24,7246,9306
24,7246,9332
24,7248,9340
24,7209,9291
24,7167,9163
24,7110,8975
24,7028,8840
24,6998,8806
24,6965,8759
24,6868,8636
24,6697,8413
24,6567,8278
24,6477,8155
24,6392,8012
24,6332,7893
24,6286,7806
24,6226,7740
24,6125,7627
24,6003,7424
24,5965,7326
24,5957,7308
24,5920,7234
24,5828,7050
24,5760,6893
24,5726,6793
24,5698,6726
24,5703,6739
24,5827,7060
24,6090,7661
24,6253,7933
24,6406,8149
24,6541,8336
24,6664,8515
24,6777,8673
24,6904,8849
24,7006,8988
24,7108,9097
24,7231,9214
24,7290,9282
24,7312,9311
24,7322,9290
24,7266,9271
24,7198,9170
24,7084,8965
