4,9519,5716
4,9799,6002
4,9804,5988
4,9826,6005
4,9867,6042
4,9903,6074
4,9892,6112
4,9933,6102
4,9985,6102
4,9928,6096
4,9794,6024
4,9641,5826
4,9522,5654
4,9390,5514
4,9162,5332
4,8957,5121
4,8889,5053
4,8682,4923
4,8529,4798
4,8551,4771
4,8409,4670
4,8330,4658
4,8216,4661
4,8094,4664
4,8040,4651
4,8104,4758
4,8394,5124
4,8599,5373
4,8793,5560
4,8933,5696
4,9059,5847
4,9147,5922
4,9215,5958
4,9260,5984
4,9281,6030
4,9315,6040
4,9333,6043
4,9330,6006
4,9243,5981
4,9094,5878
4,8918,5738
4,8731,5568
4,8535,5378
4,8274,5096
4,8054,4883
4,7878,4748
4,7832,4710
4,7810,4692
4,7744,4652
4,7599,4558
4,7395,4454
4,7204,4398
4,7112,4388
4,7009,4383
4,6912,4379
4,6879,4380
4,7015,4396
4,7634,4780
4,8274,5336
4,8704,5632
4,8961,5765
4,9123,5846
4,9228,5909
4,9294,5938
4,9340,5988
4,9377,6016
4,9395,6029
4,9393,6028
4,9377,6008
4,9317,5981
4,9213,5899
4,9072,5797
4,8914,5598
4,8746,5459
4,8610,5358
4,8526,5300
4,8417,5218
4,8271,5096
4,8179,5007
4,8126,4949
4,8068,4901
4,8011,4861
4,7930,4802
4,7887,4768
4,7860,4748
4,7830,4724
4,7821,4717
4,7837,4730
4,7878,4770
4,7946,4840
4,8054,4940
4,8176,5078
4,8304,5229
4,8458,5368
4,8598,5487
4,8743,5609
4,8884,5705
4,9034,5799
4,9172,5887
4,9270,5947
4,9330,5986
4,9368,6009
4,9391,6050
4,9414,6079
4,9427,6089
4,9429,6095
4,9422,6092
4,9413,6073
4,9374,6056
4,9318,5999
4,9217,5906
4,9131,5838
4,9026,5737
4,8898,5607
4,8710,5443
4,8613,5398
4,8573,5390
4,8538,5380
4,8489,5345
4,8348,5202
4,8210,5058
4,8087,4956
4,7958,4865
4,7901,4829
4,7830,4785
4,7684,4705
4,7518,4612
4,7374,4526
4,7230,4464
4,7199,4442
4,7294,4470
4,7564,4647
4,7911,4950
4,8114,5173
4,8256,5308
4,8404,5444
4,8517,5538
4,8637,5626
4,8793,5724
4,8954,5812
4,9094,5873
4,9190,5924
4,9261,5962
4,9319,5992
4,9345,6033
4,9358,6075
4,9390,6068
4,9424,6057
4,9424,6058
4,9384,6077
