22,7627,8882
22,7553,9047
22,7646,9193
22,7683,9266
22,7733,9334
22,7752,9426
22,7788,9482
22,7834,9516
22,7868,9539
22,7853,9574
22,7861,9579
22,7876,9568
22,7850,9507
22,7729,9439
22,7637,9271
22,7533,9002
22,7373,8816
22,7284,8743
22,7207,8596
22,7109,8444
22,7048,8324
22,6979,8181
22,6927,8124
22,6806,7977
22,6701,7814
22,6628,7647
22,6608,7657
22,6582,7634
22,6528,7567
22,6485,7510
22,6425,7359
22,6451,7356
22,6696,7792
22,7092,8441
22,7351,8803
22,7523,9080
22,7660,9304
22,7713,9368
22,7765,9400
22,7824,9467
22,7874,9522
22,7905,9401
22,7861,9328
22,7856,9303
22,7863,9286
22,7843,9246
22,7820,9215
22,7773,9232
22,7750,9333
22,7792,9385
22,7804,9401
22,7841,9428
22,7810,9500
22,7819,9509
22,7839,9443
22,7765,9337
22,7625,9204
22,7439,8931
22,7286,8767
22,7132,8641
22,6968,8445
22,6862,8349
22,6806,8305
22,6741,8210
22,6636,8040
22,6519,7852
22,6460,7744
22,6386,7608
22,6292,7421
22,6226,7294
22,6181,7206
22,6103,7075
22,6020,6938
22,5985,6867
22,6010,6919
22,6221,7333
22,6539,7890
22,6750,8211
22,6930,8445
22,7049,8607
22,7149,8738
22,7293,8946
22,7464,9207
22,7593,9351
22,7688,9427
22,7770,9470
22,7837,9489
22,7888,9499
22,7915,9506
22,7900,9486
22,7787,9420
22,7708,9263
22,7564,9076
22,7324,8879
22,7143,8690
22,7039,8548
22,6938,8498
22,6851,8445
22,6741,8317
22,6602,8138
22,6450,7931
22,6273,7655
22,6117,7370
22,5970,7113
22,5916,7008
22,5871,6910
22,5817,6785
22,5757,6634
22,5682,6460
22,5589,6264
22,5542,6166
22,5539,6152
22,5611,6278
22,5810,6744
22,6026,7237
22,6178,7492
22,6394,7836
22,6718,8264
22,7105,8665
22,7350,8953
22,7492,9191
22,7595,9357
22,7703,9441
22,7797,9483
22,7839,9523
22,7863,9546
22,7872,9562
22,7853,9540
22,7750,9440
22,7649,9239
22,7513,9036
22,7372,8872
22,7228,8687
22,7106,8525
22,6994,8372
22,6887,8212
22,6796,8085
22,6691,7946
22,6593,7805
22,6453,7541
22,6298,7239
22,6174,6990
22,6057,6758
22,5968,6575
22,5983,6585
22,6288,7229
22,6667,7910
22,6873,8191
22,7131,8430
22,7428,8784
