28,6469,9844
28,6527,10125
28,6594,10188
28,6616,10276
28,6642,10354
28,6650,10388
28,6641,10326
28,6613,10219
28,6588,10314
28,6587,10381
28,6452,10167
28,6436,9997
28,6361,9743
28,6265,9465
28,6104,9177
28,5991,8980
28,5875,8716
28,5787,8458
28,5737,8309
28,5700,8151
28,5640,7964
28,5561,7801
28,5500,7685
28,5443,7568
28,5385,7392
28,5380,7337
28,5609,8065
28,5900,8859
28,6052,9152
28,6152,9369
28,6241,9597
28,6339,9838
28,6416,10049
28,6457,10157
28,6478,10194
28,6503,10230
28,6544,10268
28,6587,10298
28,6598,10327
28,6610,10339
28,6593,10282
28,6411,10029
28,6329,9827
28,6278,9618
28,6247,9544
28,6162,9431
28,6021,9147
28,5940,8970
28,5914,8911
28,5847,8767
28,5742,8495
28,5663,8316
28,5638,8270
28,5601,8203
28,5548,8094
28,5470,7932
28,5398,7739
28,5315,7463
28,5232,7180
28,5192,7035
28,5183,6972
28,5201,7020
28,5384,7723
28,5629,8501
28,5826,8921
28,6029,9303
28,6188,9600
28,6347,9849
28,6477,10076
28,6578,10236
28,6641,10328
28,6648,10370
28,6655,10381
28,6576,10272
28,6417,9991
28,6259,9666
28,6108,9341
28,6007,9101
28,5924,8944
28,5849,8861
28,5777,8738
28,5654,8551
28,5554,8382
28,5462,8176
28,5375,7975
28,5297,7804
28,5242,7588
28,5212,7419
28,5203,7349
28,5197,7269
28,5171,7125
28,5141,6947
28,5129,6817
28,5130,6759
28,5172,6828
28,5266,7092
28,5443,7732
28,5757,8568
28,6041,9056
28,6239,9462
28,6388,9717
28,6493,9952
28,6602,10145
28,6682,10243
28,6709,10329
28,6705,10370
28,6700,10346
28,6642,10158
28,6520,9832
28,6390,9520
28,6220,9225
28,6094,9026
28,6013,8819
28,6025,8746
28,5950,8524
28,5875,8323
28,5791,8131
28,5692,7844
28,5582,7553
28,5490,7283
28,5399,7031
28,5322,6817
28,5261,6577
28,5232,6430
28,5232,6391
28,5251,6432
28,5353,6821
28,5639,7735
28,5856,8328
28,6016,8732
28,6160,9095
28,6300,9429
28,6424,9700
28,6517,9964
28,6583,10139
28,6645,10220
28,6688,10288
28,6705,10333
28,6682,10377
28,6693,10382
28,6700,10357
28,6640,10225
28,6547,9930
28,6428,9709
28,6300,9453
28,6166,9178
28,6084,9050
28,6011,8896
28,5920,8708
28,5840,8514
