12,8678,7084
12,8878,7329
12,8902,7425
12,8882,7522
12,8932,7568
12,9009,7574
12,9061,7594
12,9092,7622
12,9121,7624
12,9155,7575
12,9169,7579
12,9184,7623
12,9208,7660
12,9209,7699
12,9233,7718
12,9248,7707
12,9243,7649
12,9169,7558
12,9007,7364
12,8845,7155
12,8676,6976
12,8533,6793
12,8441,6735
12,8344,6652
12,8246,6608
12,8169,6539
12,8099,6420
12,8007,6229
12,7931,6084
12,7880,6016
12,7814,5957
12,7721,5857
12,7632,5714
12,7516,5510
12,7380,5317
12,7172,5058
12,7075,4963
12,7091,4975
12,7151,5023
12,7289,5166
12,7479,5425
12,7737,5812
12,7945,6079
12,8100,6291
12,8268,6483
12,8436,6681
12,8596,6898
12,8711,7037
12,8826,7181
12,8949,7314
12,8997,7483
12,9028,7554
12,9044,7565
12,9049,7557
12,9045,7548
12,9017,7500
12,8973,7409
12,8922,7349
12,8821,7271
12,8652,7132
12,8508,6997
12,8407,6870
12,8375,6839
12,8377,6838
12,8374,6829
12,8321,6765
12,8222,6659
12,8134,6566
12,8019,6475
12,7901,6388
12,7783,6289
12,7668,6199
12,7591,6138
12,7528,6080
12,7456,5985
12,7405,5908
12,7351,5835
12,7308,5772
12,7267,5726
12,7222,5681
12,7170,5628
12,7118,5568
12,7065,5499
12,7016,5442
12,6978,5398
12,6973,5390
12,6991,5403
12,7039,5470
12,7171,5682
12,7422,6024
12,7762,6389
12,8117,6756
12,8362,6991
12,8562,7221
12,8691,7408
12,8721,7542
12,8705,7620
12,8752,7667
12,8906,7691
12,9025,7711
12,9091,7729
12,9135,7757
12,9164,7755
12,9175,7680
12,9088,7629
12,9028,7513
12,8900,7433
12,8750,7291
12,8632,7153
12,8504,7043
12,8368,6931
12,8259,6834
12,8179,6764
12,8093,6663
12,8003,6512
12,7906,6414
12,7788,6306
12,7700,6218
12,7614,6090
12,7529,5970
12,7443,5869
12,7367,5788
12,7309,5740
12,7271,5713
12,7225,5678
12,7172,5631
12,7123,5593
12,7098,5573
12,7085,5572
12,7150,5656
12,7323,5906
12,7438,6078
12,7689,6380
12,8031,6722
12,8248,6920
12,8430,7099
12,8609,7247
12,8832,7438
12,9009,7568
12,9111,7638
12,9168,7697
12,9207,7734
12,9243,7762
12,9254,7800
12,9273,7814
12,9316,7793
12,9331,7775
12,9316,7714
12,9254,7664
12,9172,7583
