18,7786,7657
18,7969,8190
18,7969,8211
18,7953,8190
18,8020,8266
18,8202,8444
18,8278,8556
18,8219,8546
18,8123,8533
18,8108,8511
18,8123,8456
18,8150,8390
18,8177,8345
18,8165,8319
18,8083,8293
18,7997,8166
18,7910,7984
18,7762,7745
18,7578,7487
18,7446,7296
18,7306,7129
18,7164,6961
18,7054,6745
18,6963,6581
18,6808,6306
18,6659,6023
18,6628,5945
18,6608,5920
18,6562,5870
18,6481,5810
18,6309,5621
18,6123,5362
18,5988,5176
18,5981,5150
18,6094,5265
18,6409,5806
18,6779,6535
18,7009,6898
18,7206,7164
18,7397,7367
18,7592,7535
18,7808,7797
18,7981,8068
18,8063,8234
18,8130,8301
18,8179,8336
18,8207,8360
18,8216,8380
18,8208,8365
18,8148,8274
18,8056,8015
18,7938,7690
18,7799,7542
18,7658,7414
18,7521,7305
18,7354,7087
18,7254,6963
18,7197,6904
18,7107,6794
18,6997,6674
18,6855,6475
18,6767,6355
18,6730,6314
18,6675,6259
18,6603,6136
18,6548,6023
18,6541,6018
18,6557,6032
18,6664,6195
18,6867,6546
18,7071,6853
18,7288,7092
18,7655,7544
18,7902,7910
18,8044,8135
18,8126,8278
18,8158,8374
18,8182,8426
18,8168,8474
18,8147,8501
18,8177,8466
18,8104,8407
18,8016,8274
18,7889,8065
18,7795,7964
18,7754,7899
18,7679,7755
18,7556,7567
18,7401,7347
18,7282,7159
18,7259,7156
18,7224,7124
18,7163,7052
18,7105,6969
18,7022,6845
18,6946,6738
18,6842,6617
18,6778,6546
18,6759,6531
18,6802,6599
18,6934,6820
18,7110,7072
18,7358,7372
18,7584,7643
18,7767,7862
18,7926,8072
18,8059,8255
18,8149,8354
18,8151,8446
18,8115,8495
18,8168,8474
18,8168,8461
18,8158,8438
18,8108,8355
18,7939,8131
18,7737,7917
18,7535,7576
18,7399,7386
18,7303,7279
18,7213,7187
18,7154,7165
18,7071,7127
18,6992,7066
18,6936,6957
18,6868,6809
18,6809,6688
18,6754,6578
18,6691,6460
18,6631,6355
18,6602,6297
18,6596,6287
18,6687,6495
18,6922,6906
18,7135,7209
18,7309,7406
18,7492,7581
18,7627,7727
18,7755,7867
18,7906,8036
18,8009,8241
18,8087,8356
18,8142,8409
18,8183,8422
18,8212,8436
18,8228,8457
18,8249,8473
18,8260,8491
18,8263,8494
18,8184,8464
18,8047,8303
