8,9207,6399
8,9307,6541
8,9438,6643
8,9514,6703
8,9557,6743
8,9586,6771
8,9604,6813
8,9612,6826
8,9575,6814
8,9535,6818
8,9688,6910
8,9699,6916
8,9618,6863
8,9466,6829
8,9293,6706
8,9092,6561
8,8985,6488
8,8908,6415
8,8773,6282
8,8646,6135
8,8539,6009
8,8367,5814
8,8250,5686
8,8195,5626
8,8128,5535
8,8088,5494
8,8059,5478
8,8037,5467
8,8025,5465
8,8096,5569
8,8330,5842
8,8553,6040
8,8745,6185
8,8928,6288
8,9160,6419
8,9353,6578
8,9493,6710
8,9583,6773
8,9639,6840
8,9678,6869
8,9662,6860
8,9578,6821
8,9491,6864
8,9437,6887
8,9411,6897
8,9408,6874
8,9319,6817
8,9205,6710
8,9020,6503
8,8882,6398
8,8814,6320
8,8682,6217
8,8575,6125
8,8481,6058
8,8429,6036
8,8355,5996
8,8285,5942
8,8239,5906
8,8212,5876
8,8177,5802
8,8103,5706
8,8021,5621
8,7942,5520
8,7877,5412
8,7807,5332
8,7737,5268
8,7686,5225
8,7725,5245
8,8059,5657
8,8376,6002
8,8529,6135
8,8648,6239
8,8749,6329
8,8836,6398
8,8950,6485
8,9036,6557
8,9114,6615
8,9155,6666
8,9186,6720
8,9208,6780
8,9247,6799
8,9293,6824
8,9280,6823
8,9267,6802
8,9244,6764
8,9112,6656
8,8965,6571
8,8809,6458
8,8652,6297
8,8528,6199
8,8440,6143
8,8364,6078
8,8343,6049
8,8300,5984
8,8169,5873
8,8046,5754
8,7989,5687
8,7929,5598
8,7868,5517
8,7803,5439
8,7727,5356
8,7657,5294
8,7602,5252
8,7584,5229
8,7582,5207
8,7591,5214
8,7711,5349
8,7908,5596
8,8097,5812
8,8320,6016
8,8508,6147
8,8676,6275
8,8854,6414
8,8951,6504
8,9048,6597
8,9160,6670
8,9196,6702
8,9202,6725
8,9211,6763
8,9230,6792
8,9266,6825
8,9237,6812
8,9235,6792
8,9125,6736
8,9040,6670
8,8921,6542
8,8697,6347
8,8509,6180
8,8347,6013
8,8163,5853
8,8048,5729
8,8033,5699
8,7984,5663
8,7911,5627
8,7866,5595
8,7832,5550
8,7733,5473
8,7634,5378
8,7582,5307
8,7544,5249
8,7478,5203
8,7444,5179
8,7442,5176
8,7613,5315
8,7986,5709
8,8159,5907
8,8352,6082
8,8595,6217
8,8745,6350
8,8883,6496
