16,8446,7729
16,8511,7779
16,8644,7987
16,8746,8171
16,8816,8269
16,8821,8369
16,8768,8483
16,8770,8512
16,8798,8502
16,8834,8501
16,8842,8502
16,8825,8522
16,8866,8487
16,8862,8433
16,8687,8408
16,8475,8293
16,8380,8090
16,8299,7918
16,8192,7785
16,8058,7582
16,7942,7399
16,7864,7300
16,7764,7176
16,7673,7033
16,7564,6861
16,7464,6666
16,7381,6525
16,7307,6422
16,7246,6333
16,7186,6251
16,7159,6198
16,7238,6332
16,7529,6832
16,7807,7260
16,8018,7518
16,8179,7692
16,8304,7839
16,8432,8006
16,8588,8193
16,8695,8323
16,8755,8395
16,8796,8452
16,8852,8471
16,8825,8527
16,8841,8546
16,8822,8522
16,8792,8504
16,8755,8481
16,8698,8410
16,8589,8255
16,8458,8006
16,8308,7799
16,8210,7687
16,8153,7641
16,8104,7599
16,8049,7540
16,7995,7469
16,7949,7405
16,7904,7339
16,7834,7222
16,7757,7113
16,7715,7059
16,7671,7000
16,7622,6948
16,7571,6897
16,7528,6848
16,7492,6801
16,7453,6752
16,7412,6696
16,7374,6649
16,7343,6606
16,7335,6596
16,7397,6694
16,7513,6893
16,7622,7056
16,7741,7222
16,7844,7336
16,7992,7491
16,8170,7691
16,8368,8004
16,8557,8270
16,8693,8402
16,8776,8466
16,8775,8537
16,8765,8563
16,8702,8530
16,8627,8468
16,8593,8373
16,8509,8211
16,8327,7911
16,8137,7630
16,8069,7570
16,8025,7553
16,7952,7513
16,7868,7435
16,7797,7322
16,7738,7258
16,7677,7189
16,7602,7093
16,7517,6968
16,7439,6838
16,7378,6747
16,7315,6656
16,7240,6555
16,7166,6457
16,7123,6398
16,7115,6382
16,7103,6368
16,7094,6360
16,7071,6330
16,7048,6296
16,7058,6308
16,7135,6438
16,7334,6757
16,7525,7026
16,7679,7201
16,7868,7392
16,8052,7569
16,8223,7765
16,8378,7928
16,8544,8146
16,8675,8319
16,8739,8415
16,8784,8457
16,8827,8508
16,8840,8558
16,8887,8480
16,8838,8363
16,8668,8114
16,8405,7826
16,8223,7638
16,8138,7497
16,8075,7417
16,8010,7334
16,7914,7181
16,7783,6982
16,7718,6870
16,7696,6841
16,7668,6812
16,7575,6689
16,7470,6523
16,7409,6417
16,7333,6328
16,7216,6191
16,7105,6014
16,7060,5940
16,7026,5883
16,7028,5874
16,7101,5990
16,7215,6170
