20,7753,8335
20,7770,8481
20,7841,8593
20,7886,8683
20,7960,8804
20,8052,8925
20,8070,8997
20,7986,9090
20,8012,9112
20,8020,9101
20,8035,9018
20,7859,8898
20,7565,8609
20,7495,8358
20,7413,8177
20,7314,7999
20,7234,7903
20,7188,7800
20,7122,7659
20,7035,7524
20,6927,7356
20,6821,7139
20,6719,6906
20,6643,6748
20,6586,6633
20,6510,6500
20,6378,6259
20,6220,5959
20,6165,5835
20,6230,5922
20,6612,6658
20,6947,7336
20,7191,7731
20,7517,7978
20,7829,8354
20,8031,8670
20,8129,8845
20,8166,8948
20,8168,9049
20,8165,9106
20,8159,9147
20,8199,9122
20,8192,9073
20,8119,9011
20,7984,8819
20,7841,8608
20,7665,8492
20,7538,8369
20,7432,8221
20,7339,8113
20,7227,8012
20,7138,7925
20,7095,7882
20,7019,7788
20,6888,7606
20,6795,7453
20,6716,7305
20,6581,7036
20,6364,6623
20,6214,6336
20,6161,6209
20,6138,6160
20,6114,6118
20,6080,6064
20,6051,6017
20,6051,6010
20,6086,6065
20,6188,6255
20,6330,6531
20,6491,6866
20,6844,7514
20,7219,8012
20,7560,8423
20,7770,8719
20,7916,8930
20,8027,9013
20,8131,9062
20,8175,9128
20,8173,9176
20,8189,9185
20,8201,9183
20,8202,9154
20,8139,9103
20,8088,8909
20,7915,8669
20,7656,8343
20,7535,8173
20,7485,8104
20,7432,8050
20,7366,7989
20,7302,7938
20,7228,7863
20,7164,7784
20,7095,7664
20,7024,7570
20,6941,7478
20,6878,7407
20,6833,7353
20,6778,7278
20,6687,7134
20,6597,6957
20,6534,6868
20,6502,6831
20,6497,6816
20,6577,6969
20,6720,7268
20,6892,7561
20,7134,7854
20,7349,8079
20,7557,8317
20,7733,8534
20,7914,8774
20,8045,8923
20,8141,8990
20,8196,9066
20,8213,9122
20,8213,9151
20,8226,9148
20,8182,9113
20,8057,9038
20,7942,8848
20,7786,8754
20,7690,8646
20,7577,8402
20,7399,8107
20,7220,7882
20,7083,7728
20,6918,7502
20,6732,7185
20,6591,6905
20,6511,6757
20,6478,6697
20,6453,6667
20,6403,6600
20,6314,6480
20,6228,6289
20,6204,6223
20,6294,6378
20,6430,6602
20,6489,6709
20,6558,6867
20,6728,7153
20,6959,7515
20,7178,7817
20,7399,8062
20,7647,8356
20,7852,8640
20,7984,8841
20,8070,8946
20,8134,9016
