26,6675,9469
26,6768,9822
26,6918,9930
26,6968,10003
26,6979,10055
26,6957,10068
26,6892,10083
26,6970,10121
26,6964,10132
26,6984,10142
26,7046,10152
26,7095,10136
26,7076,10121
26,7006,10108
26,6990,10049
26,6844,9876
26,6755,9679
26,6645,9392
26,6457,8988
26,6320,8699
26,6282,8578
26,6240,8456
26,6170,8291
26,6063,8052
26,5972,7830
26,5938,7698
26,5863,7482
26,5753,7164
26,5789,7189
26,6158,8192
26,6379,8766
26,6516,9065
26,6652,9312
26,6786,9514
26,6883,9700
26,6959,9874
26,6988,9957
26,6980,10019
26,6968,10058
26,7011,10102
26,7022,10114
26,7026,10084
26,6991,10009
26,6973,9930
26,6905,9817
26,6795,9587
26,6657,9433
26,6589,9351
26,6558,9299
26,6524,9258
26,6476,9179
26,6398,9008
26,6310,8799
26,6218,8587
26,6135,8395
26,6033,8120
26,5955,7854
26,5898,7668
26,5852,7525
26,5885,7579
26,6235,8485
26,6467,8989
26,6601,9258
26,6709,9464
26,6789,9616
26,6850,9751
26,6915,9879
26,6958,9948
26,6959,9977
26,6957,10021
26,6962,10042
26,6971,10044
26,6993,10024
26,7004,9939
26,6886,9732
26,6768,9539
26,6711,9438
26,6697,9408
26,6698,9396
26,6680,9371
26,6641,9325
26,6582,9254
26,6469,9073
26,6339,8860
26,6220,8655
26,6184,8632
26,6244,8783
26,6352,9019
26,6466,9189
26,6580,9348
26,6726,9609
26,6840,9846
26,6915,9961
26,6963,10021
26,6981,10063
26,6956,10103
26,6978,10124
26,7023,10120
26,7017,10020
26,6944,9763
26,6815,9543
26,6657,9300
26,6514,9095
26,6440,8993
26,6379,8850
26,6305,8730
26,6190,8537
26,6053,8266
26,5968,8086
26,5916,7938
26,5873,7754
26,5958,7980
26,6146,8464
26,6285,8721
26,6476,9009
26,6691,9353
26,6875,9685
26,6953,9885
26,7002,9963
26,7036,10020
26,7069,10068
26,7058,10103
26,7080,10089
26,7043,9980
26,6942,9736
26,6780,9456
26,6616,9206
26,6481,8979
26,6317,8675
26,6208,8449
26,6195,8417
26,6203,8438
26,6198,8431
26,6125,8330
26,6018,8186
26,5974,8144
26,6267,8739
26,6464,9114
26,6644,9442
26,6776,9728
26,6845,9913
26,6927,10004
26,6952,10062
26,6943,10102
26,6950,10123
26,6994,10078
26,6920,9828
26,6640,9389
26,6458,9035
26,6424,8944
