6,8870,6021
6,8747,6020
6,8738,6032
6,8755,6059
6,8835,6105
6,8924,6159
6,9009,6225
6,9060,6300
6,9095,6322
6,9110,6327
6,9085,6344
6,9038,6310
6,8994,6245
6,8968,6221
6,8915,6183
6,8816,6092
6,8706,5988
6,8594,5891
6,8460,5798
6,8381,5730
6,8316,5657
6,8252,5604
6,8178,5543
6,8095,5482
6,8032,5421
6,7979,5361
6,7906,5286
6,7788,5201
6,7719,5151
6,7664,5111
6,7600,5065
6,7593,5061
6,7658,5123
6,7764,5228
6,7937,5426
6,8250,5734
6,8473,5921
6,8638,6078
6,8753,6197
6,8849,6277
6,8962,6299
6,9029,6331
6,9063,6365
6,9082,6390
6,9090,6412
6,9085,6409
6,8982,6346
6,8791,6151
6,8599,5965
6,8505,5872
6,8435,5794
6,8368,5718
6,8303,5656
6,8231,5609
6,8158,5563
6,8090,5499
6,8030,5421
6,7944,5308
6,7850,5211
6,7811,5180
6,7787,5162
6,7751,5138
6,7702,5097
6,7631,5033
6,7580,4988
6,7533,4949
6,7466,4894
6,7424,4858
6,7395,4828
6,7416,4842
6,7583,5007
6,7849,5281
6,8050,5495
6,8180,5601
6,8326,5713
6,8499,5832
6,8664,5932
6,8807,6024
6,8917,6120
6,9022,6151
6,9101,6189
6,9136,6253
6,9154,6333
6,9164,6361
6,9169,6340
6,9132,6340
6,9048,6324
6,8913,6134
6,8696,5904
6,8551,5809
6,8466,5763
6,8382,5700
6,8262,5599
6,8100,5397
6,7961,5244
6,7844,5153
6,7741,5073
6,7623,4988
6,7534,4905
6,7473,4844
6,7407,4775
6,7337,4722
6,7305,4701
6,7280,4686
6,7263,4677
6,7274,4682
6,7427,4804
6,7707,5088
6,7880,5252
6,7991,5383
6,8240,5636
6,8455,5811
6,8615,5932
6,8749,6040
6,9007,6152
6,9414,6292
6,9648,6405
6,9586,6407
6,9517,6396
6,9433,6396
6,9319,6406
6,9267,6224
6,9024,5803
6,8841,5696
6,8724,5618
6,8505,5438
6,8295,5211
6,8165,5062
6,8083,5020
6,8015,4999
6,7941,4971
6,7894,4954
6,7859,4936
6,7769,4902
6,7665,4875
6,7597,4853
6,7522,4819
6,7465,4782
6,7465,4780
6,7571,4849
6,7694,4932
6,7749,4986
6,7946,5234
6,8226,5478
6,8386,5608
6,8543,5764
6,8745,5913
6,8978,6071
6,9106,6212
6,9193,6277
