30,5997,10148
30,6048,10293
30,6082,10369
30,6115,10486
30,6141,10561
30,6163,10605
30,6166,10657
30,6137,10692
30,6143,10715
30,6120,10721
30,6184,10754
30,6194,10747
30,6196,10705
30,6152,10557
30,6042,10274
30,5918,9951
30,5827,9679
30,5756,9435
30,5688,9263
30,5599,9037
30,5508,8698
30,5496,8589
30,5472,8476
30,5449,8390
30,5427,8297
30,5398,8197
30,5353,8091
30,5349,8078
30,5466,8539
30,5590,8979
30,5723,9380
30,5816,9619
30,5885,9809
30,5953,10014
30,6038,10244
30,6114,10468
30,6169,10595
30,6183,10660
30,6182,10703
30,6172,10725
30,6183,10719
30,6177,10697
30,6158,10612
30,6136,10485
30,6069,10319
30,5978,10050
30,5781,9559
30,5669,9235
30,5631,9074
30,5552,8791
30,5435,8402
30,5315,7990
30,5245,7721
30,5207,7506
30,5185,7370
30,5188,7335
30,5193,7322
30,5168,7243
30,5116,7103
30,5139,7149
30,5224,7424
30,5427,8250
30,5559,8730
30,5696,9163
30,5823,9532
30,5920,9841
30,6005,10085
30,6089,10309
30,6158,10498
30,6207,10621
30,6234,10689
30,6221,10734
30,6239,10755
30,6251,10708
30,6204,10608
30,6140,10409
30,6090,10278
30,6017,10078
30,5917,9854
30,5851,9733
30,5784,9590
30,5719,9458
30,5652,9253
30,5578,8978
30,5525,8740
30,5495,8586
30,5444,8360
30,5438,8294
30,5463,8339
30,5452,8289
30,5393,8131
30,5331,7934
30,5312,7847
30,5328,7893
30,5440,8242
30,5563,8700
30,5700,9126
30,5852,9565
30,5960,9904
30,6043,10160
30,6115,10407
30,6173,10553
30,6209,10655
30,6220,10723
30,6215,10746
30,6178,10752
30,6204,10767
30,6219,10758
30,6193,10712
30,6127,10593
30,6036,10365
30,5927,10085
30,5839,9873
30,5778,9733
30,5705,9519
30,5665,9377
30,5632,9246
30,5589,9078
30,5513,8806
30,5402,8402
30,5341,8111
30,5297,7913
30,5222,7592
30,5182,7382
30,5202,7419
30,5319,7836
30,5456,8446
30,5543,8738
30,5608,8966
30,5703,9262
30,5787,9493
30,5852,9670
30,5897,9795
30,5943,9917
30,5994,10061
30,6042,10203
30,6081,10329
30,6118,10463
30,6159,10558
30,6182,10645
30,6219,10726
30,6231,10768
30,6235,10767
30,6177,10659
30,6117,10480
30,6068,10295
30,5985,10077
30,5949,10002
30,5943,9977
30,5925,9925
