10,8928,6841
10,8869,6873
10,8768,6876
10,8693,6895
10,8686,6971
10,8730,7039
10,8759,7102
10,8782,7157
10,8799,7198
10,8810,7211
10,8821,7200
10,8747,7184
10,8623,7110
10,8494,6893
10,8335,6673
10,8181,6490
10,8095,6431
10,7999,6369
10,7870,6247
10,7711,6049
10,7555,5845
10,7449,5696
10,7401,5612
10,7357,5538
10,7328,5497
10,7305,5475
10,7286,5456
10,7305,5478
10,7442,5666
10,7688,5943
10,7990,6217
10,8283,6507
10,8498,6715
10,8664,6866
10,8777,6956
10,8850,7025
10,8881,7085
10,8883,7085
10,8802,7031
10,8655,6925
10,8535,6825
10,8432,6711
10,8325,6595
10,8222,6486
10,8123,6389
10,8016,6274
10,7892,6147
10,7784,6014
10,7680,5877
10,7584,5762
10,7490,5619
10,7361,5445
10,7268,5330
10,7233,5282
10,7171,5215
10,7097,5128
10,7041,5061
10,6980,4994
10,6927,4930
10,6914,4913
10,6926,4925
10,7165,5191
10,7402,5520
10,7717,5913
10,8068,6245
10,8307,6457
10,8533,6631
10,8724,6839
10,8835,6942
10,8885,7051
10,8923,7121
10,8953,7174
10,8995,7174
10,9000,7203
10,8977,7210
10,8930,7174
10,8855,7037
10,8739,6867
10,8561,6710
10,8344,6516
10,8223,6424
10,8127,6326
10,8001,6187
10,7880,6035
10,7760,5876
10,7619,5684
10,7443,5452
10,7298,5301
10,7254,5264
10,7214,5227
10,7143,5156
10,7062,5073
10,7133,5145
10,7571,5668
10,7863,6044
10,8060,6236
10,8325,6442
10,8634,6764
10,8820,6908
10,8919,6982
10,8956,7070
10,8971,7090
10,8980,7116
10,8999,7155
10,9191,7230
10,9480,7301
10,9499,7228
10,9331,7087
10,8922,6822
10,8626,6519
10,8449,6455
10,8290,6365
10,8120,6138
10,7977,5897
10,7905,5797
10,7816,5725
10,7686,5640
10,7548,5482
10,7392,5277
10,7266,5101
10,7115,4959
10,7005,4826
10,7020,4820
10,7075,4848
10,7048,4821
10,7011,4795
10,7113,4914
10,7489,5446
10,7836,5883
10,8117,6176
10,8261,6320
10,8416,6488
10,8591,6686
10,8818,6964
10,8958,7124
10,9000,7184
10,9083,7254
10,9070,7272
10,9051,7303
10,9061,7323
10,9097,7336
10,9124,7352
10,9095,7369
10,9115,7363
10,9156,7299
10,9047,7263
10,8849,7150
10,8630,6972
10,8464,6796
10,8257,6616
