0,4114,4290
0,5684,4477
0,9757,5053
0,9743,5067
0,9724,5070
0,9721,5074
0,9729,5081
0,9739,5091
0,9753,5102
0,9782,5129
0,9874,5179
0,9959,5188
0,10024,5194
0,10080,5219
0,10130,5222
0,10182,5218
0,10215,5248
0,10258,5245
0,10294,5244
0,10323,5231
0,10343,5237
0,10244,5273
0,10146,5185
0,10066,5096
0,9947,5019
0,9835,4965
0,9744,4944
0,9661,4926
0,9602,4902
0,9552,4889
0,9467,4854
0,9377,4806
0,9276,4753
0,9165,4686
0,9152,4675
0,9193,4700
0,9262,4753
0,9327,4792
0,9380,4818
0,9440,4837
0,9529,4870
0,9600,4900
0,9656,4925
0,9735,4948
0,9822,4971
0,9892,4963
0,9912,4907
0,9924,4881
0,9917,4847
0,9922,4840
0,9980,4871
0,10020,4876
0,10081,4918
0,10158,5012
0,10214,5048
0,10245,5072
0,10263,5096
0,10282,5111
0,10285,5113
0,10269,5122
0,10210,5129
0,10144,5101
0,10078,5052
0,10006,4981
0,9951,4981
0,9897,4976
0,9815,4942
0,9753,4916
0,9711,4889
0,9638,4843
0,9585,4829
0,9521,4802
0,9438,4766
0,9354,4725
0,9297,4703
0,9243,4674
0,9143,4619
0,9067,4580
0,9012,4549
0,8989,4538
0,8993,4542
0,8997,4544
0,9032,4561
0,9170,4641
0,9349,4741
0,9528,4830
0,9663,4898
0,9783,4947
0,9912,4996
0,10078,5061
0,10196,5134
0,10282,5165
0,10352,5199
0,10398,5229
0,10424,5261
0,10453,5275
0,10460,5273
0,10446,5272
0,10385,5260
0,10311,5210
0,10216,5158
0,10102,5113
0,10035,5098
0,9956,5077
0,9886,5064
0,9821,5044
0,9765,5023
0,9696,4998
0,9586,4962
0,9430,4894
0,9303,4835
0,9195,4772
0,9076,4710
0,8978,4662
0,8966,4645
0,9058,4689
0,9292,4814
0,9473,4908
0,9573,4954
0,9700,4992
0,9821,5024
0,9910,5058
0,10023,5087
0,10164,5134
0,10267,5175
0,10335,5187
0,10398,5205
0,10441,5245
0,10469,5268
0,10482,5284
0,10486,5285
0,10479,5281
0,10448,5285
0,10415,5270
0,10350,5217
0,10246,5168
0,10161,5127
0,10103,5101
0,10031,5082
0,9968,5064
0,9871,5029
0,9725,4961
0,9629,4908
0,9578,4874
0,9508,4838
0,9393,4788
0,9295,4742
0,9241,4712
0,9239,4707
0,9360,4771
