2,9702,5266
2,9696,5353
2,9674,5364
2,9666,5367
2,9654,5390
2,9616,5378
2,9529,5360
2,9424,5372
2,9400,5386
2,9513,5428
2,9772,5450
2,9987,5525
2,10035,5561
2,10143,5597
2,10193,5637
2,10092,5642
2,9967,5545
2,9803,5387
2,9656,5278
2,9488,5036
2,9272,4778
2,9118,4700
2,8998,4647
2,8923,4610
2,8801,4562
2,8666,4510
2,8568,4488
2,8500,4479
2,8356,4434
2,8221,4402
2,8082,4395
2,7935,4389
2,7976,4393
2,8520,4543
2,8921,4784
2,9249,5001
2,9458,5107
2,9627,5227
2,9779,5381
2,9893,5477
2,9973,5542
2,10042,5600
2,10088,5609
2,10118,5614
2,10124,5615
2,10126,5614
2,10095,5619
2,10021,5578
2,9880,5487
2,9690,5417
2,9471,5296
2,9264,5185
2,9090,5085
2,8973,5012
2,8803,4902
2,8601,4772
2,8467,4695
2,8421,4667
2,8325,4614
2,8350,4613
2,8597,4717
2,9132,4995
2,9465,5153
2,9722,5275
2,9864,5320
2,9968,5344
2,10057,5379
2,10167,5435
2,10300,5506
2,10419,5560
2,10517,5596
2,10484,5606
2,10501,5607
2,10499,5608
2,10378,5607
2,10383,5615
2,10319,5612
2,10170,5607
2,10100,5612
2,10088,5617
2,10092,5627
2,10119,5647
2,10172,5642
2,10195,5678
2,10212,5661
2,10132,5685
2,10009,5639
2,9919,5485
2,9773,5332
2,9561,5211
2,9371,5135
2,9257,5097
2,9126,5041
2,9005,4994
2,8816,4888
2,8554,4737
2,8272,4590
2,8061,4497
2,7975,4460
2,7962,4447
2,8280,4565
2,8836,4891
2,9145,5090
2,9375,5201
2,9550,5285
2,9697,5350
2,9837,5413
2,9957,5488
2,10049,5532
2,10112,5561
2,10149,5609
2,10179,5626
2,10193,5623
2,10185,5596
2,10115,5549
2,9972,5462
2,9772,5306
2,9434,5110
2,9143,4931
2,8923,4798
2,8679,4670
2,8329,4522
2,8091,4441
2,8092,4433
2,8161,4438
2,8328,4472
2,8821,4734
2,9203,5008
2,9487,5167
2,9744,5289
2,9883,5348
2,9983,5402
2,10049,5459
2,10110,5509
2,10150,5553
2,10183,5579
2,10203,5591
2,10211,5594
2,10167,5525
2,10042,5549
2,9928,5483
2,9809,5371
2,9631,5249
2,9483,5181
2,9338,5123
2,9141,5020
2,8945,4894
2,8820,4814
2,8679,4733
2,8523,4652
