20,5713,4467
20,5634,4423
20,5598,4422
20,5569,4406
20,5562,4384
20,5542,4369
20,5480,4344
20,5408,4305
20,5309,4243
20,5196,4169
20,5046,4088
20,5007,4054
20,4954,4014
20,4929,4000
20,4895,3978
20,4766,3902
20,4686,3813
20,4584,3763
20,4504,3734
20,4487,3730
20,4505,3736
20,4640,3794
20,4797,3882
20,4966,3984
20,5145,4097
20,5322,4185
20,5370,4218
20,5400,4216
20,5415,4185
20,5414,4179
20,5343,4127
20,5234,4121
20,5202,4078
20,5108,4039
20,5047,4006
20,4979,3977
20,4937,3954
20,4845,3911
20,4777,3883
20,4689,3838
20,4617,3809
20,4620,3801
20,4610,3797
20,4608,3792
20,4571,3770
20,4487,3724
20,4486,3735
20,4695,3850
20,5026,4030
20,5196,4126
20,5316,4205
20,5401,4247
20,5443,4304
20,5467,4326
20,5474,4331
20,5466,4312
20,5404,4242
20,5307,4159
20,5203,4102
20,5123,4045
20,4986,3954
20,4916,3924
20,4910,3918
20,4884,3904
20,4849,3890
20,4791,3851
20,4764,3823
20,4753,3813
20,4749,3801
20,4723,3778
20,4719,3774
20,4705,3766
20,4756,3798
20,4898,3878
20,5086,3982
20,5213,4067
20,5306,4134
20,5380,4187
20,5423,4232
20,5449,4243
20,5469,4261
20,5479,4264
20,5462,4260
20,5404,4253
20,5373,4214
20,5318,4172
20,5254,4127
20,5205,4076
20,5185,4063
20,5136,4036
20,5038,3999
20,4946,3954
20,4885,3911
20,4848,3886
20,4817,3850
20,4799,3836
20,4770,3816
20,4756,3803
20,4703,3771
20,4671,3762
20,4664,3756
20,4640,3745
20,4581,3714
20,4556,3695
20,4599,3725
20,4741,3797
20,4854,3858
20,5032,3970
20,5178,4056
20,5265,4130
20,5356,4215
20,5427,4265
20,5469,4299
20,5487,4319
20,5498,4311
20,5468,4252
20,5371,4183
20,5217,4105
20,5138,4064
20,5080,4021
20,5013,3970
20,4945,3929
20,4904,3902
20,4882,3875
20,4864,3849
20,4836,3831
20,4789,3795
20,4691,3729
20,4632,3707
20,4622,3704
20,4754,3771
20,4925,3867
20,5102,3994
20,5239,4105
20,5352,4191
20,5416,4240
20,5462,4286
20,5487,4314
20,5512,4317
20,5517,4323
20,5494,4313
20,5433,4206
20,5334,4137
20,5240,4090
20,5187,4046
20,5131,4017
20,5094,3997
20,5046,3955
20,5007,3928
20,4993,3916
20,4986,3895
20,4963,3877
20,4932,3866
20,4905,3855
20,4861,3828
20,4808,3799
20,4786,3782
20,4757,3772
20,4737,3760
20,4740,3765
20,4859,3840
20,4988,3916
20,5076,3972
20,5206,4067
20,5300,4145
20,5406,4231
20,5472,4269
20,5502,4299
20,5524,4316
20,5532,4329
20,5537,4331
20,5515,4316
20,5462,4254
20,5364,4163
20,5270,4114
20,5217,4088
20,5122,4040
20,4981,3970
20,4839,3899
20,4720,3824
20,4644,3787
20,4603,3766
20,4578,3736
20,4557,3712
20,4535,3701
20,4503,3694
20,4459,3677
20,4444,3675
20,4390,3645
20,4329,3625
20,4289,3606
20,4282,3606
20,4459,3683
20,4774,3839
20,4959,3938
20,5096,4012
20,5197,4078
20,5278,4135
20,5379,4218
20,5471,4285
