26,6169,3513
26,6197,3472
26,6244,3484
26,6256,3492
26,6307,3514
26,6354,3529
26,6362,3523
26,6303,3473
26,6200,3431
26,6041,3347
26,5935,3352
26,5908,3332
26,5818,3284
26,5720,3239
26,5679,3209
26,5561,3166
26,5481,3135
26,5463,3132
26,5409,3115
26,5378,3101
26,5264,3056
26,5187,3022
26,5211,3027
26,5189,3007
26,5091,2955
26,4949,2881
26,4889,2844
26,5181,2979
26,5719,3220
26,5905,3305
26,6106,3354
26,6212,3406
26,6284,3437
26,6318,3473
26,6334,3494
26,6348,3506
26,6353,3528
26,6354,3553
26,6342,3540
26,6273,3479
26,6158,3437
26,5899,3359
26,5677,3276
26,5522,3242
26,5535,3248
26,5502,3240
26,5484,3226
26,5376,3168
26,5285,3113
26,5212,3080
26,4967,2998
26,4916,2971
26,4647,2879
26,4362,2791
26,4337,2780
26,4426,2809
26,5153,3014
26,5482,3148
26,5736,3253
26,6017,3366
26,6259,3464
26,6721,3560
26,7067,3652
26,7421,3741
26,7633,3740
26,7744,3797
26,7464,3745
26,7466,3740
26,7234,3708
26,7599,3774
26,7449,3754
26,7403,3737
26,7394,3736
26,7354,3699
26,7327,3638
26,7305,3640
26,7278,3650
26,7219,3628
26,7145,3635
26,7086,3603
26,6992,3588
26,6931,3562
26,6865,3529
26,6756,3464
26,6582,3331
26,6438,3264
26,6343,3209
26,6312,3161
26,6297,3118
26,6375,3214
26,6275,3144
26,6245,3116
26,6261,3141
26,6280,3170
26,6218,3162
26,6199,3203
26,6436,3331
26,6749,3438
26,6974,3531
26,7116,3599
26,7160,3642
26,7180,3660
26,7042,3677
26,6755,3628
26,6542,3578
26,6459,3557
26,6342,3527
26,6164,3454
26,5974,3394
26,5920,3388
26,5652,3319
26,5378,3255
26,5046,3180
26,4743,3101
26,5130,3172
26,5852,3322
26,6344,3450
26,6623,3563
26,6775,3629
26,6840,3654
26,6887,3681
26,6943,3703
26,6987,3717
26,7004,3736
26,7040,3714
26,7052,3753
26,6995,3774
26,6861,3723
26,6538,3607
26,6200,3480
26,6038,3414
26,5961,3387
26,5912,3366
26,5879,3350
26,5837,3323
26,5724,3274
26,5563,3227
26,5452,3185
26,5309,3137
26,5107,3087
26,4989,3060
26,4970,3057
26,4940,3047
26,4885,3031
26,4780,3003
26,4808,3012
26,5064,3070
26,5308,3115
26,5517,3154
26,5894,3242
26,6233,3336
26,6435,3414
26,6653,3503
26,6835,3600
26,6917,3657
26,6967,3700
26,7015,3707
26,7021,3750
26,7042,3742
26,7039,3756
26,6952,3709
26,6811,3640
26,6471,3511
26,6289,3455
26,6216,3439
26,6092,3404
26,5953,3351
26,5901,3335
26,5828,3314
26,5677,3273
26,5586,3237
26,5544,3222
26,5405,3184
26,5262,3141
26,5154,3111
26,5178,3118
26,5418,3166
26,6055,3308
26,6327,3399
26,6533,3478
26,6737,3548
26,6872,3592
26,6933,3638
26,6966,3667
26,6978,3677
26,6993,3705
26,7011,3702
26,6986,3713
26,6956,3682
26,6887,3671
26,6511,3550
26,6108,3445
26,5892,3391
26,5702,3332
26,5640,3315
26,5565,3290
26,5452,3240
26,5397,3226
26,5385,3222
26,5392,3218
