8,2926,5397
8,2968,5533
8,2975,5532
8,3019,5539
8,3095,5573
8,3297,5669
8,3495,5751
8,3691,5800
8,3781,5806
8,3857,5793
8,3908,5787
8,3984,5799
8,4078,5801
8,4122,5805
8,4204,5785
8,4174,5814
8,4153,5819
8,4113,5787
8,4051,5735
8,3830,5679
8,3616,5619
8,3380,5539
8,3291,5472
8,3167,5381
8,2968,5263
8,2708,5101
8,2597,5000
8,2584,4974
8,2527,4907
8,2636,5010
8,2897,5190
8,3246,5385
8,3450,5556
8,3647,5702
8,3772,5754
8,3852,5794
8,3965,5804
8,4019,5818
8,4010,5818
8,3998,5792
8,3939,5729
8,3799,5630
8,3703,5537
8,3501,5433
8,3321,5333
8,3063,5166
8,2903,5071
8,2885,5067
8,2859,5040
8,2836,5022
8,2833,5015
8,2807,4990
8,2755,4955
8,2666,4911
8,2762,4979
8,2945,5109
8,3139,5218
8,3305,5351
8,3457,5497
8,3597,5614
8,3696,5707
8,3791,5760
8,3828,5794
8,3925,5812
8,4052,5810
8,4133,5807
8,4138,5809
8,4104,5777
8,4038,5714
8,3681,5609
8,3476,5494
8,3264,5364
8,2944,5209
8,2857,5107
8,2731,5015
8,2653,4979
8,2629,4962
8,2571,4904
8,2573,4909
8,2793,5061
8,3015,5207
8,3185,5300
8,3337,5403
8,3509,5522
8,3632,5628
8,3787,5708
8,3872,5743
8,3953,5768
8,3969,5797
8,3987,5805
8,4063,5812
8,4085,5813
8,4055,5791
8,4043,5710
8,3800,5548
8,3547,5459
8,3375,5395
8,3241,5340
8,3168,5313
8,3032,5262
8,2991,5231
8,2910,5167
8,2886,5141
8,2867,5128
8,2844,5115
8,2882,5141
8,2962,5204
8,3155,5314
8,3288,5419
8,3450,5528
8,3585,5632
8,3749,5722
8,3844,5761
8,3921,5783
8,3958,5809
8,3944,5817
8,3878,5796
8,3789,5776
8,3703,5700
8,3486,5575
8,3382,5479
8,3141,5361
8,2960,5234
8,2812,5115
8,2767,5094
8,2649,5039
8,2623,5028
8,2634,5044
8,2622,5031
8,2608,5018
8,2584,4984
8,2528,4935
8,2522,4928
8,2568,4972
8,2714,5083
8,2903,5209
8,3054,5315
8,3254,5446
8,3422,5556
8,3524,5659
8,3598,5723
8,3650,5770
8,3727,5799
8,3882,5817
8,4017,5816
8,4099,5806
8,4118,5807
8,4184,5758
8,4178,5749
8,4036,5728
8,3821,5636
8,3618,5518
8,3445,5449
8,3260,5368
8,3087,5276
8,3115,5261
8,3102,5232
8,3255,5227
8,3336,5242
8,3231,5221
8,3117,5184
8,3010,5147
8,2883,5043
8,2748,4933
8,2867,4985
8,3144,5096
8,3415,5251
8,3708,5482
8,4041,5577
8,4124,5606
8,4184,5645
8,4199,5661
8,4223,5663
8,4236,5663
8,4275,5643
8,4278,5656
8,4228,5635
8,4263,5457
8,4152,5417
8,3965,5361
8,3878,5301
8,3813,5229
8,3730,5164
8,3631,5115
8,3517,5081
8,3376,5017
8,3331,4985
8,3365,5001
8,3612,5117
8,3816,5243
8,3933,5393
8,4053,5542
8,4156,5614
8,4206,5651
8,4239,5682
8,4235,5703
8,4228,5690
8,4184,5659
8,4107,5592
8,3963,5535
