15,5031,4901
15,5417,5101
15,5439,5113
15,5476,5126
15,5496,5083
15,5533,5146
15,5549,5141
15,5578,5138
15,5565,5176
15,5602,5157
15,5544,5143
15,5462,4920
15,5325,4889
15,5207,4854
15,5140,4816
15,5084,4725
15,5003,4696
15,4936,4649
15,4862,4603
15,4785,4521
15,4764,4515
15,4702,4494
15,4657,4476
15,4562,4442
15,4474,4404
15,4670,4563
15,4944,4796
15,5165,4933
15,5343,5045
15,5413,5158
15,5469,5191
15,5512,5169
15,5505,5241
15,5483,5247
15,5510,5221
15,5486,5238
15,5506,5177
15,5420,5047
15,5242,5005
15,5071,4940
15,4910,4839
15,4758,4744
15,4672,4705
15,4494,4629
15,4183,4504
15,3989,4385
15,3959,4359
15,3904,4336
15,3869,4332
15,4003,4396
15,4462,4582
15,4843,4756
15,5049,4897
15,5259,5018
15,5395,5138
15,5464,5194
15,5483,5221
15,5543,5192
15,5520,5184
15,5497,5078
15,5429,4994
15,5288,4963
15,5134,4910
15,5008,4854
15,4878,4782
15,4778,4746
15,4697,4708
15,4518,4617
15,4447,4574
15,4419,4556
15,4379,4527
15,4362,4511
15,4376,4510
15,4316,4484
15,4266,4466
15,4243,4459
15,4378,4518
15,4609,4625
15,4746,4682
15,4919,4792
15,5116,4904
15,5257,5004
15,5366,5079
15,5448,5131
15,5491,5152
15,5519,5180
15,5549,5173
15,5554,5202
15,5498,5090
15,5402,5020
15,5262,4944
15,5102,4847
15,4896,4732
15,4697,4617
15,4591,4553
15,4386,4463
15,4196,4378
15,4016,4316
15,3931,4278
15,3865,4245
15,3762,4197
15,3669,4144
15,3662,4137
15,3699,4159
15,4043,4311
15,4487,4515
15,4731,4637
15,5027,4816
15,5253,4975
15,5371,5057
15,5445,5114
15,5486,5151
15,5505,5187
15,5525,5160
15,5518,5191
15,5481,5129
15,5384,5105
15,5296,5000
15,5176,4885
15,5078,4837
15,5017,4792
15,4917,4729
15,4785,4664
15,4634,4579
15,4475,4512
15,4436,4494
15,4384,4469
15,4335,4432
15,4330,4421
15,4352,4433
15,4453,4477
15,4626,4555
15,4774,4638
15,5001,4792
15,5186,4908
15,5332,5044
15,5415,5099
15,5451,5144
15,5483,5185
15,5509,5187
15,5511,5174
15,5427,5068
15,5299,4990
15,5217,4918
15,5157,4886
15,5062,4824
15,4980,4773
15,4872,4705
15,4717,4617
15,4684,4601
15,4661,4574
15,4604,4517
15,4546,4458
15,4478,4418
15,4432,4382
15,4385,4357
15,4327,4342
15,4299,4338
15,4355,4370
15,4767,4617
15,4956,4751
15,5121,4878
15,5313,5027
15,5427,5113
15,5461,5186
15,5493,5214
15,5497,5222
15,5524,5208
15,5476,5208
15,5442,5136
15,5398,5105
15,5210,4994
15,5088,4905
15,4936,4797
15,4850,4752
15,4822,4716
15,4740,4639
15,4660,4592
15,4559,4538
15,4504,4520
15,4485,4522
15,4437,4498
15,4310,4452
15,4235,4412
15,4150,4375
15,4035,4329
15,3964,4307
15,3935,4293
15,3998,4328
15,4511,4561
15,4851,4732
15,5075,4886
15,5263,5035
15,5373,5125
15,5414,5189
15,5455,5235
15,5474,5224
15,5495,5248
15,5454,5211
15,5325,5123
