27,5903,3267
27,6143,3288
27,6139,3278
27,6148,3276
27,6171,3273
27,6164,3255
27,6161,3251
27,6171,3274
27,6156,3282
27,6132,3278
27,6087,3261
27,6004,3229
27,5915,3205
27,5834,3167
27,5722,3101
27,5673,3072
27,5588,3039
27,5515,3010
27,5394,2978
27,5306,2955
27,5109,2892
27,4958,2853
27,4902,2838
27,4853,2817
27,4804,2806
27,4746,2784
27,4617,2756
27,4607,2753
27,4579,2738
27,4500,2720
27,5115,2837
27,5606,2957
27,5858,3056
27,5972,3123
27,6060,3177
27,6122,3207
27,6152,3226
27,6177,3257
27,6192,3275
27,6207,3288
27,6211,3301
27,6210,3304
27,6174,3282
27,6124,3274
27,6034,3249
27,5899,3194
27,5824,3164
27,5749,3133
27,5735,3117
27,5733,3119
27,5720,3107
27,5663,3083
27,5571,3056
27,5474,3024
27,5382,2998
27,5338,2978
27,5301,2967
27,5218,2942
27,5133,2912
27,5062,2880
27,4995,2856
27,5030,2859
27,5377,2945
27,5587,2999
27,5783,3064
27,5961,3137
27,6057,3184
27,6112,3197
27,6136,3207
27,6164,3247
27,6179,3273
27,6193,3279
27,6206,3303
27,6203,3305
27,6168,3282
27,6097,3263
27,6060,3256
27,5993,3231
27,5908,3191
27,5839,3156
27,5796,3145
27,5719,3110
27,5603,3072
27,5521,3042
27,5452,3013
27,5373,2991
27,5326,2978
27,5330,2976
27,5317,2969
27,5253,2954
27,5117,2907
27,5008,2876
27,4971,2862
27,5195,2913
27,5677,3051
27,5899,3135
27,5999,3193
27,6063,3247
27,6130,3276
27,6164,3295
27,6183,3311
27,6194,3323
27,6204,3324
27,6207,3325
27,6190,3328
27,6086,3291
27,5998,3258
27,5888,3215
27,5795,3171
27,5761,3150
27,5762,3141
27,5730,3129
27,5683,3109
27,5657,3096
27,5594,3070
27,5556,3053
27,5537,3045
27,5444,3016
27,5298,2973
27,5196,2939
27,5130,2914
27,5034,2886
27,5029,2885
27,5405,2980
27,5602,3042
27,5646,3063
27,5725,3093
27,5843,3147
27,5966,3224
27,6032,3259
27,6069,3275
27,6092,3281
27,6114,3301
27,6131,3316
27,6131,3321
27,6107,3312
27,6030,3285
27,5953,3257
27,5862,3220
27,5791,3181
27,5717,3141
27,5663,3116
27,5627,3096
27,5574,3072
27,5483,3029
27,5361,2994
27,5282,2970
27,5226,2942
27,5202,2931
27,5127,2907
27,5037,2874
27,4930,2843
27,4880,2819
27,4827,2804
27,4779,2784
27,4818,2797
27,4946,2828
27,5034,2853
27,5158,2881
27,5210,2897
27,5286,2916
27,5406,2944
27,5491,2964
27,5641,3028
27,5701,3057
27,5715,3064
27,5719,3069
27,5858,3140
27,5933,3195
27,5979,3227
27,6015,3253
27,6031,3270
27,6060,3289
27,6086,3303
27,6104,3315
27,6114,3326
27,6115,3330
27,6106,3324
27,6072,3316
27,5993,3248
27,5932,3170
27,5883,3166
27,5786,3141
27,5699,3109
27,5613,3076
27,5565,3050
27,5526,3029
27,5444,2998
27,5414,2986
27,5323,2949
27,5182,2901
27,5040,2852
27,4956,2821
27,4860,2791
27,4746,2769
27,4627,2742
27,4564,2732
27,4534,2721
27,4522,2716
27,4502,2695
