12,5226,5403
12,5197,5296
12,5170,5316
12,5214,5374
12,5187,5389
12,5193,5389
12,5198,5391
12,5203,5413
12,5196,5368
12,5137,5206
12,5036,5177
12,4953,5133
12,4883,5035
12,4799,4955
12,4739,4887
12,4678,4785
12,4582,4681
12,4518,4596
12,4437,4502
12,4343,4409
12,4209,4306
12,4088,4216
12,4040,4189
12,4014,4192
12,4143,4361
12,4543,4715
12,4721,4879
12,4880,5028
12,5017,5145
12,5092,5238
12,5127,5282
12,5139,5303
12,5157,5276
12,5129,5237
12,5029,5202
12,4926,5130
12,4842,4986
12,4727,4877
12,4520,4718
12,4418,4627
12,4319,4537
12,4228,4455
12,4075,4353
12,3784,4186
12,3799,4230
12,4218,4541
12,4411,4676
12,4577,4859
12,4769,5009
12,4923,5130
12,5055,5239
12,5100,5333
12,5154,5358
12,5160,5385
12,5149,5333
12,5100,5256
12,4981,5170
12,4829,5071
12,4705,4981
12,4620,4877
12,4566,4771
12,4529,4712
12,4492,4674
12,4426,4649
12,4324,4592
12,4214,4531
12,4149,4483
12,4189,4544
12,4441,4714
12,4600,4841
12,4717,4936
12,4867,5058
12,4985,5164
12,5084,5232
12,5117,5281
12,5141,5309
12,5129,5293
12,5040,5248
12,4942,5188
12,4860,5119
12,4802,5016
12,4741,4938
12,4672,4853
12,4643,4825
12,4610,4797
12,4582,4774
12,4490,4723
12,4419,4687
12,4515,4765
12,4689,4944
12,4820,5060
12,4924,5156
12,5019,5212
12,5059,5261
12,5109,5283
12,5121,5331
12,5139,5356
12,5167,5376
12,5186,5370
12,5165,5356
12,5137,5271
12,5099,5278
12,5046,5245
12,5002,5177
12,4931,5111
12,4837,5045
12,4775,4987
12,4745,4932
12,4712,4868
12,4651,4823
12,4590,4770
12,4554,4737
12,4508,4684
12,4470,4642
12,4455,4624
12,4520,4690
12,4682,4862
12,4808,4973
12,4886,5056
12,4977,5148
12,5050,5232
12,5126,5268
12,5148,5323
12,5138,5381
12,5162,5387
12,5164,5365
12,5149,5318
12,5129,5266
12,5068,5250
12,4995,5204
12,4923,5156
12,4840,5099
12,4801,5052
12,4771,5027
12,4718,4997
12,4675,4934
12,4653,4881
12,4648,4847
12,4650,4829
12,4637,4801
12,4614,4774
12,4586,4728
12,4573,4711
12,4526,4663
12,4491,4623
12,4472,4591
12,4535,4689
12,4625,4826
12,4723,4926
12,4856,5027
12,4963,5125
12,5063,5223
12,5132,5284
12,5158,5346
12,5173,5354
12,5173,5384
12,5192,5393
12,5200,5390
12,5181,5383
12,5191,5393
12,5201,5386
12,5142,5291
12,5093,5202
12,4976,5196
12,4888,5139
12,4839,5065
12,4844,5017
12,4794,4896
12,4757,4855
12,4730,4869
12,4657,4841
12,4577,4778
12,4539,4744
12,4530,4730
12,4513,4699
12,4462,4637
12,4452,4634
12,4447,4623
12,4461,4628
12,4438,4605
12,4444,4614
12,4531,4709
12,4714,4908
12,4847,5023
12,4963,5150
12,5049,5267
12,5122,5331
12,5161,5361
12,5177,5366
12,5169,5376
12,5149,5328
12,5093,5275
12,5033,5173
12,4966,5099
12,4887,5020
12,4796,4936
12,4751,4884
12,4719,4844
12,4702,4805
12,4697,4785
