25,6053,3715
25,5996,3643
25,5933,3647
25,5908,3654
25,5912,3645
25,5914,3660
25,5903,3667
25,5880,3631
25,5837,3536
25,5799,3510
25,5746,3475
25,5683,3448
25,5596,3397
25,5493,3334
25,5391,3259
25,5328,3213
25,5198,3107
25,5167,3096
25,5113,3064
25,5041,3018
25,4943,2959
25,4869,2926
25,4758,2891
25,4997,3028
25,5347,3260
25,5499,3366
25,5648,3457
25,5779,3524
25,5846,3560
25,5876,3598
25,5898,3600
25,5900,3617
25,5843,3578
25,5768,3536
25,5667,3474
25,5580,3401
25,5499,3327
25,5443,3291
25,5382,3237
25,5329,3165
25,5251,3111
25,5169,3063
25,5136,3044
25,5070,3018
25,5039,3023
25,5090,3070
25,5275,3209
25,5455,3349
25,5638,3483
25,5759,3550
25,5837,3612
25,5874,3670
25,5896,3671
25,5915,3680
25,5921,3670
25,5932,3670
25,5929,3679
25,5932,3685
25,5921,3658
25,5892,3598
25,5862,3581
25,5795,3568
25,5729,3551
25,5703,3528
25,5657,3503
25,5563,3469
25,5487,3416
25,5448,3388
25,5420,3374
25,5389,3356
25,5357,3325
25,5339,3300
25,5336,3288
25,5320,3280
25,5347,3294
25,5402,3339
25,5452,3364
25,5561,3441
25,5661,3486
25,5718,3510
25,5756,3528
25,5829,3567
25,5868,3589
25,5887,3624
25,5896,3638
25,5894,3641
25,5865,3632
25,5800,3615
25,5718,3566
25,5658,3526
25,5598,3478
25,5537,3425
25,5475,3373
25,5455,3350
25,5411,3321
25,5311,3290
25,5238,3245
25,5200,3195
25,5129,3166
25,5077,3126
25,4965,3070
25,4836,2999
25,4798,2980
25,5055,3135
25,5322,3304
25,5462,3377
25,5585,3447
25,5691,3487
25,5780,3540
25,5861,3605
25,5904,3645
25,5917,3655
25,5931,3662
25,5929,3666
25,5879,3623
25,5768,3547
25,5678,3516
25,5604,3467
25,5531,3417
25,5425,3343
25,5351,3291
25,5337,3267
25,5263,3222
25,5150,3126
25,5124,3104
25,5081,3075
25,5091,3076
25,5244,3188
25,5441,3328
25,5555,3399
25,5642,3458
25,5719,3488
25,5782,3508
25,5829,3514
25,5883,3590
25,5915,3642
25,5927,3638
25,5933,3655
25,5935,3650
25,5931,3630
25,5870,3557
25,5793,3465
25,5757,3443
25,5718,3409
25,5672,3341
25,5643,3313
25,5610,3308
25,5541,3285
25,5472,3200
25,5439,3167
25,5404,3133
25,5371,3092
25,5312,3038
25,5262,2995
25,5260,3003
25,5207,3001
25,5189,3020
25,5310,3167
25,5451,3304
25,5564,3380
25,5668,3445
25,5698,3428
25,5761,3496
25,5826,3559
25,5877,3595
25,5909,3644
25,5931,3682
25,5941,3685
25,5943,3697
25,5944,3681
25,5895,3586
25,5796,3490
25,5701,3433
25,5605,3372
25,5481,3332
25,5387,3291
25,5337,3271
25,5310,3248
25,5236,3202
25,5161,3169
25,5068,3128
25,4992,3084
25,4851,3024
25,4779,2995
25,4795,3004
25,4789,3004
25,4867,3046
25,5160,3189
25,5369,3303
25,5549,3394
25,5687,3486
25,5764,3587
25,5834,3629
25,5877,3633
25,5899,3662
25,5910,3646
25,5921,3658
25,5928,3661
25,5919,3627
25,5924,3639
