3,3322,6136
3,3390,6127
3,3380,6049
3,3395,6051
3,3413,6072
3,3460,6113
3,3488,6136
3,3491,6138
3,3484,6157
3,3495,6165
3,3508,6175
3,3533,6173
3,3554,6170
3,3574,6180
3,3590,6190
3,3601,6200
3,3589,6197
3,3567,6175
3,3521,6139
3,3480,6089
3,3430,6028
3,3378,5964
3,3300,5902
3,3265,5881
3,3239,5854
3,3197,5822
3,3141,5783
3,3094,5741
3,3124,5734
3,3140,5718
3,3051,5669
3,3012,5628
3,2948,5571
3,2818,5461
3,2751,5412
3,2724,5403
3,2649,5353
3,2655,5373
3,2916,5576
3,3090,5727
3,3206,5848
3,3279,5939
3,3327,6030
3,3392,6098
3,3426,6128
3,3445,6155
3,3474,6176
3,3489,6168
3,3511,6186
3,3531,6207
3,3540,6213
3,3577,6211
3,3565,6206
3,3539,6176
3,3503,6139
3,3421,6064
3,3382,5977
3,3333,5924
3,3197,5851
3,3101,5803
3,2949,5717
3,2643,5569
3,2602,5519
3,2567,5447
3,2489,5378
3,2359,5218
3,2281,5061
3,2278,5052
3,2287,5069
3,2288,5068
3,2285,5053
3,2284,5055
3,2292,5093
3,2447,5324
3,2680,5524
3,2810,5636
3,2941,5720
3,3039,5805
3,3112,5870
3,3171,5921
3,3238,5992
3,3346,6070
3,3399,6143
3,3438,6182
3,3504,6198
3,3522,6213
3,3534,6225
3,3549,6225
3,3552,6223
3,3554,6225
3,3541,6199
3,3511,6161
3,3403,6071
3,3307,5998
3,3282,5977
3,3279,5967
3,3276,5970
3,3262,5955
3,3241,5911
3,3206,5881
3,3134,5823
3,2950,5728
3,2821,5637
3,2796,5614
3,2768,5581
3,2704,5534
3,2625,5474
3,2533,5381
3,2490,5340
3,2463,5306
3,2443,5274
3,2421,5248
3,2397,5229
3,2384,5187
3,2345,5123
3,2345,5140
3,2444,5269
3,2637,5461
3,2877,5670
3,3081,5825
3,3232,5937
3,3309,6018
3,3326,6059
3,3371,6106
3,3420,6160
3,3483,6201
3,3520,6229
3,3536,6243
3,3547,6261
3,3560,6250
3,3512,6194
3,3439,6115
3,3314,6009
3,3249,5935
3,3216,5909
3,3133,5846
3,2999,5756
3,2910,5673
3,2850,5627
3,2816,5584
3,2722,5490
3,2586,5372
3,2509,5348
3,2521,5419
3,2530,5458
3,2536,5512
3,2539,5560
3,2566,5633
3,2680,5797
3,2782,5921
3,3013,6174
3,3210,6398
3,3308,6330
3,3370,6404
3,3386,6314
3,3447,6351
3,3490,6435
3,3557,6488
3,3631,6522
3,3647,6556
3,3639,6558
3,3628,6545
3,3555,6500
3,3428,6408
3,3315,6273
3,3243,6190
3,3195,6151
3,3111,6075
3,2987,5982
3,2849,5872
3,2761,5805
3,2700,5764
3,2685,5750
3,2639,5689
3,2526,5578
3,2414,5446
3,2367,5360
3,2315,5244
3,2343,5314
3,2632,5659
3,2832,5862
3,2987,6005
3,3143,6146
3,3264,6269
3,3367,6373
3,3465,6443
3,3522,6497
3,3566,6562
3,3603,6595
3,3618,6624
3,3641,6644
3,3659,6644
3,3655,6626
3,3616,6572
3,3466,6484
3,3383,6400
3,3323,6331
3,3246,6218
3,3187,6156
3,2868,6014
