16,5403,4878
16,5501,4941
16,5529,4996
16,5522,5025
16,5556,5047
16,5586,5026
16,5589,5009
16,5558,4985
16,5509,4910
16,5433,4886
16,5318,4821
16,5210,4752
16,5119,4689
16,5055,4658
16,4981,4607
16,4841,4545
16,4645,4477
16,4557,4435
16,4485,4387
16,4414,4344
16,4351,4310
16,4312,4296
16,4301,4281
16,4332,4297
16,4586,4405
16,4838,4518
16,5020,4615
16,5128,4699
16,5234,4774
16,5317,4847
16,5410,4908
16,5487,4970
16,5526,5017
16,5547,5041
16,5583,5036
16,5582,5035
16,5540,4995
16,5446,4921
16,5319,4871
16,5233,4792
16,5156,4734
16,5085,4685
16,5028,4652
16,4997,4627
16,4966,4609
16,4910,4570
16,4801,4522
16,4741,4487
16,4703,4477
16,4645,4456
16,4582,4431
16,4534,4408
16,4477,4371
16,4421,4336
16,4380,4310
16,4341,4298
16,4304,4271
16,4323,4280
16,4488,4348
16,4704,4449
16,4984,4598
16,5159,4700
16,5264,4771
16,5359,4840
16,5459,4895
16,5511,4912
16,5541,4928
16,5555,4940
16,5562,4981
16,5557,5001
16,5530,4973
16,5438,4887
16,5326,4787
16,5163,4681
16,5080,4636
16,5037,4603
16,4978,4576
16,4902,4546
16,4710,4455
16,4599,4407
16,4565,4399
16,4448,4344
16,4290,4275
16,4199,4244
16,4135,4214
16,4033,4165
16,3903,4100
16,3814,4066
16,3902,4116
16,4519,4406
16,4991,4646
16,5187,4760
16,5316,4848
16,5430,4908
16,5485,4953
16,5541,4955
16,5550,4971
16,5549,4999
16,5514,4979
16,5417,4892
16,5288,4778
16,5179,4707
16,5087,4646
16,5006,4595
16,4927,4549
16,4830,4512
16,4715,4461
16,4649,4423
16,4610,4399
16,4577,4375
16,4525,4342
16,4452,4312
16,4383,4294
16,4338,4283
16,4374,4299
16,4511,4361
16,4701,4457
16,4865,4545
16,5034,4644
16,5183,4739
16,5276,4807
16,5362,4868
16,5422,4922
16,5477,4953
16,5508,4983
16,5535,5003
16,5540,5020
16,5567,5014
16,5578,5016
16,5548,4998
16,5472,4931
16,5350,4840
16,5283,4777
16,5229,4739
16,5119,4667
16,5069,4628
16,5039,4609
16,4977,4570
16,4906,4539
16,4848,4508
16,4753,4455
16,4657,4401
16,4581,4359
16,4555,4351
16,4564,4356
16,4648,4409
16,4820,4507
16,5017,4618
16,5187,4749
16,5341,4864
16,5448,4925
16,5499,4974
16,5523,4999
16,5536,5018
16,5528,5044
16,5531,5031
16,5470,4951
16,5321,4862
16,5164,4734
16,5042,4632
16,4949,4577
16,4872,4529
16,4832,4501
16,4801,4484
16,4736,4457
16,4667,4425
16,4640,4414
16,4590,4391
16,4523,4358
16,4436,4317
16,4398,4299
16,4359,4264
16,4417,4294
16,4605,4389
16,4826,4513
16,5087,4664
16,5248,4772
16,5363,4858
16,5446,4904
16,5499,4937
16,5527,4957
16,5534,4983
16,5545,5015
16,5562,5021
16,5564,5034
16,5543,5013
16,5477,4942
16,5340,4839
16,5201,4760
16,5059,4668
16,4965,4600
16,4907,4572
16,4849,4540
16,4774,4500
16,4700,4460
16,4635,4426
16,4539,4381
16,4423,4319
16,4347,4298
16,4285,4274
