7,3240,5610
7,3305,5711
7,3468,5717
7,3549,5590
7,3663,5523
7,3856,5941
7,3892,6114
7,3941,6029
7,4087,6025
7,4021,6075
7,4021,5911
7,3913,5568
7,3676,5265
7,3514,5019
7,3554,5179
7,3371,5233
7,3185,5201
7,2994,5132
7,2890,5073
7,2802,5001
7,2629,4911
7,2469,4812
7,2391,4767
7,2385,4746
7,2451,4845
7,2675,5018
7,2883,5154
7,3076,5254
7,3271,5368
7,3470,5464
7,3595,5515
7,3705,5537
7,3781,5548
7,3811,5553
7,3799,5545
7,3806,5450
7,3653,5350
7,3380,5304
7,2996,5168
7,2729,5015
7,2629,4923
7,2517,4858
7,2435,4785
7,2438,4773
7,2490,4835
7,2697,4971
7,2958,5124
7,3204,5247
7,3392,5360
7,3564,5450
7,3640,5483
7,3737,5500
7,3764,5515
7,3814,5534
7,3852,5537
7,3799,5519
7,3561,5463
7,3460,5419
7,3275,5336
7,2962,5165
7,2876,5090
7,2842,5050
7,2742,4977
7,2615,4898
7,2569,4870
7,2593,4883
7,3147,5165
7,3376,5299
7,3483,5365
7,3621,5445
7,3739,5502
7,3814,5524
7,3866,5537
7,3884,5544
7,3911,5556
7,3979,5553
7,3996,5551
7,3957,5523
7,3807,5456
7,3506,5390
7,3136,5232
7,3035,5074
7,3144,5150
7,3097,5127
7,3014,5076
7,2941,5031
7,2795,4929
7,2764,4919
7,2683,4875
7,2615,4842
7,2579,4822
7,2753,4940
7,3025,5109
7,3122,5177
7,3228,5251
7,3343,5335
7,3480,5401
7,3630,5477
7,3765,5524
7,3847,5542
7,3902,5550
7,3906,5558
7,3913,5566
7,3925,5569
7,3930,5572
7,3927,5537
7,3919,5470
7,3656,5455
7,3449,5405
7,3188,5291
7,2883,5123
7,2580,4965
7,2544,4921
7,2556,4925
7,2532,4907
7,2500,4881
7,2494,4875
7,2502,4892
7,2512,4901
7,2619,4949
7,2756,5033
7,2949,5146
7,3170,5236
7,3333,5332
7,3419,5417
7,3540,5479
7,3670,5513
7,3713,5541
7,3765,5555
7,3798,5566
7,3860,5564
7,3876,5566
7,3818,5557
7,3760,5532
7,3614,5472
7,3283,5386
7,3181,5350
7,3130,5320
7,3116,5292
7,2981,5222
7,2911,5149
7,2866,5110
7,2812,5069
7,2774,5045
7,2756,5037
7,2701,5024
7,2662,5008
7,2682,5032
7,2806,5093
7,2918,5161
7,3118,5240
7,3305,5329
7,3447,5422
7,3602,5493
7,3695,5525
7,3765,5544
7,3815,5556
7,3848,5555
7,3778,5535
7,3731,5494
7,3636,5420
7,3504,5383
7,3306,5317
7,3200,5249
7,3111,5199
7,2955,5120
7,2945,5103
7,2919,5084
7,2899,5062
7,2866,5043
7,2875,5054
7,3048,5130
7,3320,5263
7,3503,5395
7,3614,5481
7,3696,5519
7,3728,5534
7,3768,5539
7,3777,5544
7,3801,5549
7,3765,5551
7,3767,5553
7,3721,5524
7,3591,5461
7,3519,5415
7,3432,5365
7,3229,5290
7,3043,5198
7,2989,5151
7,2936,5114
7,2877,5059
7,2795,4986
7,2725,4935
7,2717,4928
7,2692,4921
7,2639,4896
7,2563,4848
7,2567,4864
7,2528,4825
7,2441,4715
