18,5501,4569
18,5573,4598
18,5634,4645
18,5699,4665
18,5726,4684
18,5742,4698
18,5753,4704
18,5763,4689
18,5776,4691
18,5783,4720
18,5789,4734
18,5797,4716
18,5784,4718
18,5753,4650
18,5692,4584
18,5631,4554
18,5564,4511
18,5487,4482
18,5444,4458
18,5397,4425
18,5358,4394
18,5312,4352
18,5272,4333
18,5271,4328
18,5295,4330
18,5417,4418
18,5535,4501
18,5639,4597
18,5717,4639
18,5760,4673
18,5766,4740
18,5766,4754
18,5766,4746
18,5752,4748
18,5715,4659
18,5656,4569
18,5605,4544
18,5543,4492
18,5476,4451
18,5377,4384
18,5272,4323
18,5201,4289
18,5162,4235
18,5098,4179
18,5024,4158
18,4982,4139
18,4888,4062
18,4801,3999
18,5007,4136
18,5272,4350
18,5431,4474
18,5563,4584
18,5686,4663
18,5744,4686
18,5764,4726
18,5783,4731
18,5788,4759
18,5784,4745
18,5757,4630
18,5728,4590
18,5648,4574
18,5590,4522
18,5443,4441
18,5294,4338
18,5204,4278
18,5150,4230
18,5110,4191
18,5049,4129
18,4984,4073
18,4891,4019
18,4783,3950
18,4913,4035
18,5090,4187
18,5279,4337
18,5491,4460
18,5603,4576
18,5654,4615
18,5705,4633
18,5725,4659
18,5745,4698
18,5755,4718
18,5756,4745
18,5770,4762
18,5778,4757
18,5781,4746
18,5762,4717
18,5711,4664
18,5642,4594
18,5589,4525
18,5528,4451
18,5452,4348
18,5393,4270
18,5342,4195
18,5255,4146
18,5179,4102
18,5074,4008
18,4917,3906
18,4833,3875
18,4897,3935
18,5127,4148
18,5289,4291
18,5498,4429
18,5632,4548
18,5712,4645
18,5686,4671
18,5643,4685
18,5630,4683
18,5629,4685
18,5617,4673
18,5611,4639
18,5588,4609
18,5527,4509
18,5434,4409
18,5384,4372
18,5324,4310
18,5243,4265
18,5195,4194
18,5134,4155
18,5113,4145
18,5087,4130
18,5033,4095
18,4997,4059
18,4977,4051
18,4959,4044
18,4934,4025
18,4885,4013
18,5046,4148
18,5344,4423
18,5457,4536
18,5517,4592
18,5559,4640
18,5564,4678
18,5579,4690
18,5584,4713
18,5579,4721
18,5549,4697
18,5494,4639
18,5403,4545
18,5322,4410
18,5243,4328
18,5229,4328
18,5171,4314
18,5102,4282
18,5059,4232
18,5034,4200
18,4996,4159
18,4914,4097
18,4820,4053
18,4787,4036
18,4791,4049
18,4672,3986
18,4578,3971
18,4682,4044
18,4946,4198
18,5157,4318
18,5319,4423
18,5453,4551
18,5541,4621
18,5583,4648
18,5597,4692
18,5617,4733
18,5644,4743
18,5617,4709
18,5527,4621
18,5407,4548
18,5300,4454
18,5251,4398
18,5226,4365
18,5192,4323
18,5153,4287
18,5118,4247
18,5078,4206
18,5041,4167
18,5006,4148
18,4989,4124
18,4936,4089
18,4898,4063
18,4796,4015
18,4689,3981
18,4680,3980
18,4851,4065
18,5061,4194
18,5210,4314
18,5352,4428
18,5462,4525
18,5539,4574
18,5574,4601
18,5594,4659
18,5613,4690
18,5631,4697
18,5613,4664
18,5531,4537
18,5431,4499
18,5319,4424
18,5253,4366
18,5209,4303
18,5170,4258
18,5157,4243
18,5123,4213
18,5072,4185
