22,5942,4246
22,5988,4267
22,6007,4283
22,6028,4281
22,6030,4289
22,6029,4296
22,6040,4288
22,6046,4272
22,6041,4291
22,6003,4252
22,5956,4188
22,5887,4154
22,5813,4126
22,5738,4096
22,5672,4058
22,5664,4049
22,5622,4018
22,5512,3945
22,5485,3913
22,5465,3902
22,5433,3892
22,5402,3881
22,5400,3879
22,5401,3877
22,5400,3877
22,5481,3901
22,5557,3930
22,5674,3981
22,5798,4049
22,5873,4089
22,5947,4130
22,5991,4179
22,6029,4237
22,6056,4260
22,6053,4275
22,6061,4283
22,6047,4275
22,5987,4206
22,5893,4151
22,5784,4098
22,5756,4070
22,5739,4044
22,5696,3998
22,5672,3983
22,5621,3959
22,5493,3913
22,5376,3856
22,5221,3787
22,5101,3754
22,5084,3752
22,5078,3747
22,5059,3735
22,5082,3739
22,5151,3758
22,5325,3808
22,5472,3872
22,5591,3928
22,5697,3985
22,5799,4049
22,5886,4117
22,5967,4183
22,6011,4233
22,6037,4260
22,6050,4285
22,6056,4299
22,6060,4305
22,6036,4266
22,5977,4211
22,5888,4166
22,5840,4131
22,5802,4107
22,5789,4096
22,5773,4080
22,5732,4057
22,5703,4039
22,5644,3999
22,5521,3940
22,5392,3877
22,5204,3795
22,5117,3768
22,5070,3743
22,4973,3713
22,4884,3685
22,4961,3705
22,5224,3784
22,5361,3837
22,5534,3914
22,5665,3999
22,5823,4102
22,5928,4174
22,5996,4219
22,6037,4267
22,6039,4293
22,6050,4321
22,6057,4329
22,6059,4333
22,6053,4323
22,6033,4284
22,6001,4240
22,5944,4206
22,5827,4157
22,5759,4120
22,5681,4066
22,5584,3998
22,5509,3953
22,5416,3910
22,5364,3887
22,5302,3864
22,5213,3827
22,5085,3782
22,4984,3747
22,4946,3736
22,4934,3722
22,4951,3727
22,5109,3779
22,5418,3894
22,5610,3978
22,5808,4113
22,5940,4207
22,6021,4275
22,6046,4318
22,6052,4340
22,6063,4360
22,6061,4358
22,6031,4314
22,5962,4255
22,5827,4169
22,5688,4052
22,5636,3990
22,5575,3951
22,5538,3922
22,5452,3882
22,5387,3845
22,5330,3817
22,5238,3775
22,5140,3742
22,5033,3705
22,4957,3667
22,4845,3617
22,4798,3603
22,5009,3669
22,5264,3765
22,5411,3833
22,5601,3941
22,5759,4054
22,5895,4153
22,5981,4226
22,6029,4274
22,6039,4310
22,6061,4333
22,6075,4354
22,6066,4357
22,6022,4289
22,5928,4207
22,5819,4161
22,5727,4105
22,5631,4039
22,5594,4002
22,5524,3961
22,5430,3912
22,5393,3899
22,5301,3844
22,5124,3768
22,4996,3720
22,4892,3681
22,4733,3606
22,4580,3537
22,4431,3486
22,4334,3444
22,4354,3454
22,4677,3560
22,5071,3682
22,5322,3784
22,5464,3858
22,5585,3933
22,5749,4081
22,5915,4230
22,6015,4291
22,6064,4324
22,6071,4348
22,6054,4363
22,5995,4317
22,5849,4182
22,5684,4116
22,5512,4029
22,5342,3944
22,5159,3873
22,4995,3837
22,4886,3797
22,4743,3739
22,4575,3674
22,4380,3584
22,4208,3510
22,4098,3475
22,4037,3456
22,4034,3454
22,4157,3493
22,4551,3607
22,4924,3715
22,5358,3892
