13,5010,5053
13,5109,5147
13,5048,5069
13,5038,5061
13,5111,5146
13,5169,5194
13,5204,5231
13,5248,5255
13,5272,5248
13,5297,5249
13,5293,5244
13,5227,5130
13,5156,4959
13,5060,4980
13,4990,5002
13,4922,4977
13,4838,4931
13,4762,4900
13,4637,4845
13,4502,4767
13,4449,4731
13,4435,4714
13,4390,4675
13,4356,4670
13,4471,4767
13,4604,4847
13,4737,4912
13,4870,5001
13,5021,5106
13,5144,5191
13,5250,5204
13,5286,5228
13,5283,5274
13,5288,5313
13,5320,5308
13,5321,5293
13,5219,5286
13,5113,5228
13,5007,5107
13,4901,5023
13,4789,4981
13,4627,4941
13,4493,4896
13,4435,4872
13,4384,4849
13,4327,4825
13,4308,4789
13,4312,4779
13,4377,4797
13,4502,4849
13,4783,4991
13,5041,5134
13,5169,5226
13,5148,5195
13,4991,5065
13,4922,5025
13,4921,5016
13,4916,5006
13,4859,4974
13,4814,4963
13,4760,4937
13,4702,4898
13,4615,4851
13,4530,4802
13,4493,4769
13,4484,4749
13,4508,4764
13,4753,4912
13,4949,5034
13,5081,5146
13,5181,5206
13,5252,5253
13,5292,5270
13,5311,5270
13,5323,5311
13,5356,5301
13,5328,5285
13,5263,5198
13,5139,5061
13,4956,4968
13,4814,4922
13,4709,4847
13,4595,4765
13,4487,4703
13,4396,4646
13,4359,4625
13,4424,4655
13,4585,4730
13,4694,4789
13,4868,4923
13,4993,5025
13,5121,5073
13,5171,5157
13,5192,5190
13,5219,5159
13,5226,5118
13,5199,5125
13,5135,5058
13,5020,4967
13,4868,4854
13,4744,4760
13,4728,4738
13,4732,4737
13,4716,4725
13,4684,4708
13,4660,4690
13,4651,4684
13,4656,4685
13,4778,4787
13,4964,4941
13,5024,5005
13,5065,5042
13,5094,5074
13,5130,5083
13,5142,5066
13,5168,5086
13,5167,5113
13,5183,5129
13,5175,5105
13,5133,5021
13,5074,4948
13,4964,4898
13,4845,4800
13,4815,4742
13,4793,4708
13,4758,4672
13,4745,4651
13,4724,4638
13,4682,4619
13,4715,4607
13,4710,4604
13,4744,4642
13,4810,4727
13,4881,4820
13,4955,4891
13,5041,4947
13,5075,4992
13,5112,5018
13,5122,5028
13,5140,5045
13,5126,5040
13,5097,5004
13,5003,4881
13,4873,4809
13,4749,4755
13,4723,4734
13,4722,4715
13,4676,4664
13,4622,4615
13,4586,4575
13,4529,4507
13,4456,4457
13,4479,4467
13,4594,4555
13,4731,4683
13,4825,4795
13,4917,4889
13,4977,4975
13,5027,5039
13,5061,5098
13,5094,5085
13,5113,5108
13,5121,5130
13,5129,5144
13,5123,5147
13,5079,5079
13,5021,5002
13,4910,4920
13,4766,4863
13,4629,4768
13,4523,4698
13,4409,4634
13,4296,4572
13,4178,4490
13,4059,4432
13,3954,4372
13,3868,4315
13,3719,4210
13,3693,4207
13,3697,4223
13,3746,4247
13,3965,4369
13,4215,4512
13,4396,4623
13,4556,4718
13,4656,4794
13,4722,4857
13,4765,4935
13,4827,5008
13,4920,5061
13,5001,5104
13,5021,5126
13,5051,5117
13,5058,5136
13,5077,5137
13,5083,5145
13,5071,5138
13,5028,5108
13,4978,5034
13,4859,4925
