17,5158,4651
17,5652,4888
17,5702,4928
17,5715,4966
17,5735,4999
17,5749,5007
17,5817,4991
17,5841,5019
17,5816,5013
17,5763,4920
17,5688,4822
17,5575,4751
17,5413,4682
17,5314,4616
17,5239,4559
17,5163,4516
17,5071,4464
17,4959,4401
17,4756,4314
17,4628,4258
17,4571,4225
17,4615,4243
17,5083,4448
17,5296,4564
17,5386,4622
17,5472,4668
17,5578,4747
17,5666,4825
17,5752,4907
17,5797,4932
17,5816,4992
17,5728,4936
17,5612,4807
17,5492,4692
17,5367,4574
17,5277,4511
17,5211,4457
17,5182,4442
17,5142,4397
17,5067,4341
17,5001,4307
17,4949,4277
17,4909,4259
17,4863,4239
17,4833,4225
17,4819,4218
17,4820,4215
17,4839,4220
17,4958,4270
17,5140,4372
17,5335,4514
17,5503,4642
17,5626,4745
17,5689,4809
17,5740,4887
17,5803,4913
17,5809,4981
17,5813,4972
17,5811,4923
17,5663,4829
17,5527,4697
17,5419,4606
17,5369,4573
17,5321,4545
17,5230,4469
17,5191,4435
17,5162,4407
17,5085,4347
17,4983,4279
17,4900,4233
17,4863,4212
17,4853,4208
17,4869,4215
17,5190,4423
17,5412,4585
17,5524,4666
17,5608,4760
17,5684,4823
17,5746,4898
17,5824,4932
17,5820,4972
17,5816,4937
17,5816,4949
17,5691,4848
17,5592,4757
17,5496,4646
17,5371,4547
17,5269,4459
17,5170,4409
17,5077,4357
17,4981,4305
17,4896,4264
17,4783,4211
17,4698,4187
17,4634,4158
17,4595,4127
17,4751,4177
17,5088,4346
17,5274,4480
17,5460,4608
17,5565,4723
17,5643,4782
17,5697,4833
17,5749,4875
17,5786,4947
17,5801,4959
17,5846,4961
17,5831,5026
17,5827,5045
17,5811,5001
17,5780,4886
17,5678,4791
17,5563,4689
17,5463,4587
17,5383,4520
17,5345,4485
17,5319,4457
17,5262,4417
17,5209,4391
17,5174,4373
17,5140,4339
17,5110,4320
17,5094,4312
17,5082,4303
17,5123,4326
17,5309,4462
17,5455,4584
17,5572,4701
17,5666,4785
17,5756,4848
17,5797,4934
17,5827,4921
17,5846,4949
17,5795,4937
17,5705,4805
17,5572,4675
17,5429,4556
17,5366,4509
17,5316,4462
17,5244,4416
17,5181,4374
17,5107,4328
17,5029,4285
17,4971,4240
17,4868,4183
17,4688,4104
17,4628,4073
17,4560,4042
17,4499,4021
17,4619,4066
17,5054,4286
17,5196,4371
17,5362,4513
17,5491,4628
17,5587,4726
17,5676,4804
17,5739,4850
17,5773,4910
17,5807,4963
17,5794,5009
17,5811,4980
17,5845,5004
17,5834,5035
17,5774,5005
17,5619,4828
17,5469,4692
17,5365,4616
17,5241,4534
17,5140,4470
17,5117,4452
17,5077,4423
17,5033,4391
17,5003,4360
17,4949,4319
17,4858,4293
17,4768,4257
17,4659,4207
17,4542,4154
17,4478,4128
17,4565,4163
17,4913,4309
17,5126,4424
17,5332,4574
17,5544,4709
17,5666,4810
17,5736,4882
17,5774,4923
17,5821,4989
17,5807,5056
17,5785,5014
17,5666,4871
17,5486,4745
17,5368,4641
17,5307,4587
17,5261,4554
17,5164,4492
17,5062,4422
17,4995,4390
17,4918,4349
17,4819,4299
