5,3223,6103
5,3005,5838
5,3048,5825
5,3127,5849
5,3226,5921
5,3317,5992
5,3392,6043
5,3428,6086
5,3505,6121
5,3581,6133
5,3606,6140
5,3599,6132
5,3557,6081
5,3461,6031
5,3336,5935
5,3174,5835
5,3057,5765
5,2984,5677
5,2876,5580
5,2759,5536
5,2638,5515
5,2604,5515
5,2520,5440
5,2384,5338
5,2373,5362
5,2391,5380
5,2350,5303
5,2309,5159
5,2307,5130
5,2455,5292
5,2918,5639
5,3133,5765
5,3224,5831
5,3332,5911
5,3441,5983
5,3459,5998
5,3488,6012
5,3530,6025
5,3565,6047
5,3569,6052
5,3562,6056
5,3563,6051
5,3494,6001
5,3352,5901
5,3238,5826
5,2923,5682
5,2775,5593
5,2772,5580
5,2708,5545
5,2679,5537
5,2582,5484
5,2507,5415
5,2446,5360
5,2372,5291
5,2358,5282
5,2411,5333
5,2569,5464
5,2858,5629
5,3087,5740
5,3187,5815
5,3242,5881
5,3339,5962
5,3444,6035
5,3534,6082
5,3562,6101
5,3558,6107
5,3594,6126
5,3631,6125
5,3651,6127
5,3641,6106
5,3596,6044
5,3408,5930
5,3123,5813
5,2988,5712
5,2844,5648
5,2719,5562
5,2690,5532
5,2531,5419
5,2403,5288
5,2348,5232
5,2307,5117
5,2296,5048
5,2289,5016
5,2291,5038
5,2317,5122
5,2349,5199
5,2462,5335
5,2586,5460
5,2661,5529
5,2740,5574
5,2848,5658
5,2928,5717
5,2993,5766
5,3103,5839
5,3157,5882
5,3207,5927
5,3249,5967
5,3298,6005
5,3356,6047
5,3433,6082
5,3472,6113
5,3515,6145
5,3560,6159
5,3596,6161
5,3624,6166
5,3651,6178
5,3673,6177
5,3685,6177
5,3681,6163
5,3656,6118
5,3599,6063
5,3515,6008
5,3372,5955
5,3271,5916
5,3210,5869
5,3014,5777
5,2836,5653
5,2753,5569
5,2682,5511
5,2634,5459
5,2596,5424
5,2542,5383
5,2512,5344
5,2501,5305
5,2467,5240
5,2446,5218
5,2471,5247
5,2494,5270
5,2560,5331
5,2703,5442
5,2903,5597
5,3148,5738
5,3301,5843
5,3383,5910
5,3455,5983
5,3523,6049
5,3577,6104
5,3631,6148
5,3680,6158
5,3712,6164
5,3696,6176
5,3733,6168
5,3751,6166
5,3739,6150
5,3746,6065
5,3717,5981
5,3676,5940
5,3645,5888
5,3599,5844
5,3520,5797
5,3446,5757
5,3363,5682
5,3260,5601
5,3209,5559
5,3123,5512
5,3042,5472
5,2972,5417
5,2958,5402
5,2922,5374
5,2844,5306
5,2898,5339
5,3056,5499
5,3188,5638
5,3270,5717
5,3325,5780
5,3369,5857
5,3493,5957
5,3588,6062
5,3654,6120
5,3708,6149
5,3725,6168
5,3810,6161
5,3815,6172
5,3823,6175
5,3799,6175
5,3816,6132
5,3814,6049
5,3777,5957
5,3673,5912
5,3554,5886
5,3509,5860
5,3463,5833
5,3409,5782
5,3348,5743
5,3214,5641
5,3139,5552
5,3079,5505
5,2985,5444
5,2911,5383
5,2937,5388
5,2971,5406
5,3066,5488
5,3166,5600
5,3215,5710
5,3307,5835
5,3418,5976
5,3447,6080
5,3494,6140
5,3489,6153
5,3565,6171
