4,2903,5717
4,2931,5655
4,2910,5632
4,2934,5656
4,2955,5667
4,3009,5696
4,3210,5796
4,3323,5871
4,3361,5923
4,3413,5988
4,3508,6044
4,3567,6099
4,3570,6128
4,3576,6169
4,3639,6190
4,3659,6197
4,3685,6199
4,3713,6197
4,3633,6187
4,3589,6130
4,3570,6031
4,3495,5924
4,3407,5856
4,3262,5791
4,3149,5702
4,3082,5651
4,2990,5588
4,2901,5527
4,2813,5473
4,2805,5458
4,2784,5423
4,2781,5413
4,2782,5407
4,2921,5512
4,3189,5730
4,3345,5845
4,3449,5935
4,3504,6018
4,3600,6098
4,3663,6143
4,3716,6174
4,3795,6162
4,3775,6188
4,3779,6187
4,3807,6129
4,3788,6064
4,3756,6000
4,3699,5926
4,3613,5874
4,3529,5824
4,3463,5735
4,3397,5670
4,3360,5633
4,3331,5579
4,3270,5468
4,3184,5400
4,3134,5340
4,2944,5164
4,2948,5182
4,3100,5329
4,3274,5567
4,3379,5707
4,3443,5815
4,3509,5908
4,3583,6002
4,3653,6074
4,3726,6130
4,3767,6152
4,3781,6169
4,3823,6178
4,3814,6202
4,3821,6207
4,3815,6187
4,3794,6158
4,3784,6115
4,3692,6005
4,3574,5935
4,3499,5876
4,3421,5770
4,3314,5649
4,3257,5585
4,3185,5516
4,3108,5416
4,3053,5342
4,3029,5310
4,3005,5269
4,3112,5395
4,3295,5594
4,3363,5680
4,3410,5748
4,3477,5852
4,3558,5972
4,3667,6085
4,3752,6131
4,3764,6169
4,3812,6166
4,3874,6136
4,3868,6179
4,3826,6201
4,3788,6195
4,3751,6110
4,3672,6020
4,3571,5919
4,3411,5778
4,3299,5614
4,3161,5514
4,3063,5424
4,3059,5406
4,3028,5378
4,3018,5355
4,3039,5390
4,3026,5392
4,3022,5379
4,3022,5387
4,3053,5431
4,3158,5551
4,3311,5712
4,3433,5839
4,3520,5963
4,3574,6040
4,3630,6106
4,3657,6142
4,3696,6168
4,3723,6189
4,3723,6200
4,3747,6203
4,3765,6208
4,3788,6212
4,3750,6186
4,3681,6059
4,3543,5941
4,3447,5871
4,3320,5755
4,3185,5641
4,2990,5517
4,2845,5416
4,2762,5337
4,2716,5301
4,2688,5263
4,2627,5202
4,2630,5220
4,2609,5204
4,2633,5231
4,2789,5369
4,3030,5556
4,3159,5679
4,3227,5765
4,3330,5890
4,3386,5966
4,3443,6038
4,3532,6130
4,3618,6174
4,3691,6210
4,3727,6214
4,3717,6212
4,3668,6174
4,3567,6124
4,3470,6120
4,3313,6140
4,3288,6312
4,3269,6397
4,3273,6481
4,3225,6483
4,3180,6467
4,3155,6452
4,3140,6527
4,3098,6297
4,3102,6189
4,3153,6148
4,3229,6187
4,3313,6283
4,3414,6383
4,3495,6497
4,3620,6645
4,3719,6714
4,3798,6770
4,3870,6817
4,3901,6864
4,3902,6867
4,3894,6866
4,3855,6755
4,3756,6679
4,3584,6566
4,3497,6485
4,3403,6373
4,3227,6238
4,3128,6166
4,3055,6105
4,2919,5994
4,2798,5912
4,2715,5856
4,2615,5750
4,2471,5575
4,2346,5344
4,2338,5302
4,2435,5480
4,2756,5837
4,3145,6150
4,3405,6394
4,3565,6538
