11,4702,5298
11,5011,5436
11,5040,5473
11,5058,5523
11,5092,5563
11,5132,5536
11,5144,5583
11,5129,5547
11,5128,5598
11,5151,5572
11,5142,5599
11,5134,5521
11,5079,5490
11,5019,5434
11,4950,5316
11,4864,5241
11,4798,5245
11,4696,5212
11,4605,5158
11,4423,5080
11,4285,5013
11,4112,4925
11,3910,4810
11,3832,4773
11,3797,4766
11,3735,4742
11,3735,4752
11,3940,4879
11,4183,5032
11,4492,5164
11,4699,5263
11,4871,5373
11,4961,5461
11,5006,5502
11,5045,5531
11,5070,5528
11,5057,5541
11,5089,5556
11,5077,5532
11,5062,5458
11,4975,5396
11,4869,5353
11,4816,5281
11,4769,5215
11,4697,5172
11,4627,5117
11,4597,5083
11,4595,5077
11,4570,5038
11,4533,4996
11,4515,4965
11,4483,4931
11,4423,4895
11,4372,4862
11,4401,4895
11,4518,5018
11,4717,5145
11,4853,5268
11,4950,5373
11,5015,5441
11,4999,5501
11,5056,5528
11,5080,5548
11,5105,5523
11,5067,5511
11,5054,5343
11,5036,5300
11,4940,5314
11,4883,5256
11,4789,5187
11,4726,5125
11,4664,5070
11,4640,5058
11,4602,5049
11,4563,5014
11,4523,4979
11,4484,4925
11,4456,4890
11,4390,4816
11,4322,4788
11,4268,4767
11,4256,4759
11,4322,4850
11,4425,4955
11,4610,5070
11,4742,5187
11,4831,5254
11,4968,5354
11,4999,5467
11,5028,5520
11,5067,5554
11,5069,5551
11,5044,5514
11,4997,5410
11,4885,5268
11,4810,5212
11,4710,5146
11,4664,5088
11,4639,5068
11,4614,5036
11,4600,5029
11,4571,4984
11,4494,4940
11,4408,4887
11,4438,4942
11,4523,5025
11,4583,5078
11,4704,5176
11,4825,5255
11,4919,5370
11,4993,5456
11,5014,5520
11,5050,5544
11,5067,5574
11,5103,5564
11,5090,5566
11,5107,5519
11,5078,5443
11,5004,5389
11,4878,5317
11,4787,5238
11,4693,5142
11,4627,5068
11,4602,5031
11,4584,4965
11,4563,4913
11,4544,4860
11,4548,4828
11,4570,4862
11,4622,4985
11,4696,5126
11,4755,5219
11,4803,5288
11,4913,5369
11,5022,5454
11,5048,5530
11,5087,5531
11,5082,5566
11,5126,5560
11,5104,5555
11,5111,5572
11,5081,5556
11,5093,5578
11,5072,5561
11,4988,5506
11,4957,5425
11,4847,5340
11,4747,5280
11,4674,5229
11,4601,5171
11,4585,5131
11,4552,5096
11,4532,5061
11,4498,5002
11,4438,4947
11,4398,4928
11,4389,4923
11,4371,4888
11,4350,4868
11,4312,4856
11,4292,4832
11,4317,4839
11,4459,4924
11,4645,5076
11,4819,5214
11,4954,5350
11,5029,5444
11,5072,5511
11,5085,5549
11,5121,5577
11,5125,5563
11,5162,5574
11,5142,5589
11,5128,5563
11,5081,5469
11,5022,5332
11,4926,5204
11,4810,5123
11,4679,5053
11,4602,4978
11,4499,4871
11,4448,4830
11,4373,4776
11,4326,4745
11,4304,4713
11,4295,4700
11,4272,4668
11,4226,4619
11,4166,4588
11,4121,4556
11,3977,4474
11,3779,4365
11,3604,4269
11,3429,4137
11,3431,4152
11,3634,4313
11,4016,4556
11,4456,4865
11,4697,5061
11,4831,5214
