14,4835,5041
14,4823,5032
14,4804,5050
14,4797,5051
14,4807,5036
14,4755,5020
14,4604,4966
14,4586,4956
14,4612,4971
14,4657,4983
14,4838,5050
14,5012,5111
14,5172,5176
14,5270,5215
14,5326,5258
14,5362,5225
14,5387,5187
14,5411,5185
14,5436,5250
14,5424,5254
14,5380,5271
14,5259,5150
14,5058,5064
14,4716,4929
14,4610,4893
14,4446,4787
14,4397,4786
14,4423,4804
14,4379,4768
14,4350,4766
14,4312,4760
14,4304,4774
14,4441,4840
14,4620,4932
14,4817,5031
14,4959,5101
14,5121,5155
14,5267,5233
14,5265,5307
14,5403,5274
14,5430,5314
14,5468,5265
14,5499,5286
14,5421,5331
14,5412,5204
14,5233,5125
14,5139,5064
14,5055,5017
14,4903,4982
14,4692,4917
14,4626,4871
14,4624,4867
14,4494,4779
14,4377,4711
14,4316,4659
14,4233,4609
14,4109,4538
14,3998,4486
14,3918,4450
14,3918,4461
14,4010,4510
14,4112,4578
14,4241,4643
14,4512,4772
14,4843,4924
14,5114,5052
14,5237,5137
14,5293,5220
14,5358,5235
14,5371,5261
14,5400,5265
14,5404,5258
14,5396,5294
14,5387,5259
14,5308,5223
14,5233,5149
14,5060,5035
14,4956,4948
14,4910,4917
14,4855,4893
14,4760,4848
14,4608,4780
14,4569,4750
14,4472,4696
14,4383,4639
14,4309,4592
14,4248,4560
14,4189,4526
14,4165,4504
14,4135,4489
14,4107,4469
14,4050,4450
14,4062,4461
14,4346,4619
14,4683,4800
14,4953,4969
14,5130,5104
14,5232,5190
14,5298,5237
14,5347,5264
14,5383,5289
14,5409,5273
14,5417,5296
14,5405,5266
14,5340,5225
14,5213,5163
14,5112,5107
14,4960,4984
14,4822,4905
14,4763,4886
14,4601,4816
14,4495,4770
14,4476,4753
14,4468,4735
14,4432,4709
14,4398,4680
14,4299,4625
14,4227,4585
14,4147,4544
14,4018,4490
14,3913,4459
14,3763,4362
14,3639,4319
14,3984,4526
14,4597,4853
14,5002,5062
14,5213,5163
14,5303,5214
14,5359,5230
14,5383,5250
14,5410,5271
14,5409,5255
14,5391,5224
14,5324,5174
14,5156,5124
14,4952,5034
14,4878,4984
14,4834,4955
14,4684,4886
14,4581,4836
14,4481,4768
14,4400,4720
14,4340,4678
14,4177,4586
14,4086,4536
14,4001,4481
14,3908,4431
14,3934,4457
14,4153,4579
14,4471,4720
14,4724,4867
14,5014,5025
14,5185,5150
14,5285,5225
14,5334,5254
14,5361,5280
14,5405,5276
14,5398,5296
14,5429,5287
14,5411,5296
14,5445,5280
14,5410,5299
14,5332,5237
14,5137,5120
14,4937,5002
14,4720,4884
14,4594,4795
14,4588,4767
14,4531,4737
14,4373,4678
14,4256,4629
14,4194,4593
14,4131,4556
14,4056,4514
14,3981,4477
14,3963,4466
14,4213,4586
14,4513,4733
14,4762,4877
14,4987,5009
14,5098,5106
14,5211,5192
14,5280,5254
14,5354,5284
14,5380,5281
14,5410,5318
14,5420,5294
14,5408,5307
14,5318,5198
14,5155,5099
14,5032,5049
14,4967,5002
14,4897,4964
14,4821,4926
14,4759,4887
14,4653,4835
14,4580,4777
14,4522,4736
14,4442,4698
14,4384,4654
