2,3381,6377
2,3366,6226
2,3351,6163
2,3344,6116
2,3344,6122
2,3346,6129
2,3347,6142
2,3349,6150
2,3362,6160
2,3375,6170
2,3362,6185
2,3366,6192
2,3391,6197
2,3402,6207
2,3430,6205
2,3415,6214
2,3411,6195
2,3406,6176
2,3371,6143
2,3319,6108
2,3311,6072
2,3283,6040
2,3245,5997
2,3174,5906
2,3167,5869
2,3143,5864
2,3106,5851
2,3009,5787
2,2873,5711
2,2877,5677
2,2861,5611
2,2853,5472
2,2825,5392
2,2809,5390
2,2776,5356
2,2725,5320
2,2728,5326
2,2816,5424
2,2958,5631
2,3127,5848
2,3210,5955
2,3270,6060
2,3334,6147
2,3373,6187
2,3392,6221
2,3400,6242
2,3416,6260
2,3421,6277
2,3428,6296
2,3446,6293
2,3467,6296
2,3456,6302
2,3464,6319
2,3462,6307
2,3461,6285
2,3436,6225
2,3376,6151
2,3305,6055
2,3204,5961
2,3156,5911
2,3129,5869
2,3031,5771
2,2951,5703
2,2872,5637
2,2744,5534
2,2694,5487
2,2612,5397
2,2578,5342
2,2553,5307
2,2536,5271
2,2433,5179
2,2403,5157
2,2550,5299
2,2789,5533
2,2997,5777
2,3119,5918
2,3190,6028
2,3279,6125
2,3342,6202
2,3390,6248
2,3400,6272
2,3405,6281
2,3416,6293
2,3414,6295
2,3418,6303
2,3420,6304
2,3420,6302
2,3432,6304
2,3433,6307
2,3436,6309
2,3438,6282
2,3418,6240
2,3376,6186
2,3313,6139
2,3300,6059
2,3260,6020
2,3213,6011
2,3195,6000
2,3152,5959
2,3121,5886
2,3099,5835
2,3057,5802
2,2991,5760
2,2920,5673
2,2864,5602
2,2862,5602
2,2827,5565
2,2727,5500
2,2744,5514
2,2783,5542
2,2801,5559
2,2778,5526
2,2731,5473
2,2752,5496
2,2896,5651
2,3014,5779
2,3069,5860
2,3106,5921
2,3161,5980
2,3218,6068
2,3284,6150
2,3350,6202
2,3385,6235
2,3364,6267
2,3377,6281
2,3393,6296
2,3400,6304
2,3431,6308
2,3442,6312
2,3452,6316
2,3444,6314
2,3440,6303
2,3398,6254
2,3355,6193
2,3319,6134
2,3274,6061
2,3223,5992
2,3149,5932
2,3090,5879
2,3030,5816
2,2959,5737
2,2867,5665
2,2840,5629
2,2841,5611
2,2819,5556
2,2739,5453
2,2715,5406
2,2656,5368
2,2509,5248
2,2400,5135
2,2521,5285
2,2671,5422
2,2801,5559
2,2906,5684
2,2973,5751
2,3035,5827
2,3090,5908
2,3161,6007
2,3210,6088
2,3271,6155
2,3328,6220
2,3372,6272
2,3398,6291
2,3412,6309
2,3413,6322
2,3423,6327
2,3448,6333
2,3420,6312
2,3416,6265
2,3372,6173
2,3306,6075
2,3254,5999
2,3244,5980
2,3154,5920
2,3101,5874
2,3052,5811
2,2977,5744
2,2977,5751
2,2967,5732
2,2922,5668
2,2860,5617
2,2835,5587
2,2827,5575
2,2877,5630
2,3004,5740
2,3088,5848
2,3167,5940
2,3237,6026
2,3280,6100
2,3329,6178
2,3378,6215
2,3398,6256
2,3411,6268
2,3417,6291
2,3425,6295
2,3428,6312
2,3421,6296
2,3377,6226
2,3321,6175
2,3196,6069
