23,5853,4027
23,5981,4096
23,5926,4110
23,5889,4107
23,5879,4104
23,5876,4113
23,5870,4118
23,5872,4112
23,5866,4119
23,5839,4107
23,5780,4034
23,5697,3949
23,5629,3888
23,5562,3808
23,5531,3759
23,5486,3703
23,5407,3630
23,5371,3592
23,5279,3534
23,5222,3498
23,5218,3501
23,5278,3537
23,5414,3604
23,5543,3688
23,5615,3764
23,5692,3830
23,5752,3885
23,5802,3888
23,5824,3929
23,5842,3992
23,5853,4003
23,5838,4005
23,5827,3969
23,5801,3936
23,5768,3887
23,5710,3881
23,5685,3852
23,5676,3812
23,5634,3731
23,5580,3656
23,5539,3640
23,5492,3616
23,5433,3567
23,5344,3468
23,5278,3419
23,5306,3443
23,5335,3479
23,5430,3588
23,5512,3667
23,5569,3730
23,5640,3797
23,5704,3885
23,5760,3952
23,5801,4005
23,5823,4018
23,5841,4012
23,5853,4029
23,5863,4033
23,5861,4037
23,5863,4047
23,5865,4062
23,5851,4026
23,5812,4006
23,5743,3978
23,5687,3936
23,5611,3852
23,5549,3790
23,5506,3736
23,5462,3678
23,5424,3625
23,5402,3594
23,5374,3585
23,5295,3534
23,5170,3436
23,5102,3384
23,5063,3366
23,4979,3310
23,4860,3253
23,4868,3255
23,5146,3446
23,5309,3551
23,5485,3691
23,5664,3837
23,5767,3939
23,5829,3982
23,5854,4030
23,5863,4086
23,5863,4109
23,5871,4110
23,5858,4080
23,5820,4050
23,5790,4013
23,5748,3983
23,5682,3927
23,5609,3861
23,5550,3797
23,5535,3782
23,5497,3780
23,5410,3762
23,5341,3724
23,5310,3694
23,5278,3671
23,5229,3591
23,5118,3499
23,5080,3511
23,5033,3495
23,4925,3454
23,4812,3401
23,4746,3377
23,4694,3347
23,4660,3346
23,4548,3289
23,4438,3232
23,4710,3396
23,5005,3576
23,5137,3667
23,5483,3815
23,5692,3899
23,5785,3948
23,5831,4001
23,5849,4035
23,5857,4065
23,5868,4068
23,5866,4078
23,5869,4074
23,5880,4062
23,5872,4071
23,5855,4005
23,5785,3945
23,5723,3956
23,5665,3926
23,5589,3844
23,5531,3809
23,5508,3773
23,5455,3711
23,5422,3702
23,5355,3642
23,5293,3604
23,5278,3605
23,5250,3592
23,5227,3578
23,5228,3579
23,5256,3604
23,5321,3648
23,5385,3691
23,5529,3784
23,5649,3851
23,5702,3895
23,5764,3955
23,5821,4006
23,5841,4057
23,5854,4083
23,5860,4102
23,5866,4111
23,5852,4084
23,5789,4062
23,5693,4045
23,5660,3999
23,5663,3950
23,5622,3886
23,5586,3841
23,5537,3778
23,5499,3744
23,5437,3697
23,5344,3590
23,5238,3536
23,5192,3513
23,5151,3477
23,5101,3435
23,5105,3431
23,5099,3428
23,5101,3437
23,5065,3421
23,5055,3418
23,5036,3412
23,5122,3474
23,5316,3580
23,5476,3691
23,5579,3766
23,5672,3840
23,5740,3910
23,5797,3952
23,5829,3981
23,5855,4030
23,5874,4079
23,5883,4096
23,5883,4104
23,5836,3972
23,5767,3893
23,5680,3869
23,5630,3811
23,5570,3758
23,5502,3684
23,5447,3634
23,5431,3617
23,5391,3590
23,5338,3569
23,5301,3549
23,5270,3505
23,5271,3490
