24,5943,3839
24,6049,3917
24,6029,3903
24,6000,3878
24,6013,3817
24,6044,3848
24,6052,3869
24,6064,3924
24,6018,3887
24,5964,3821
24,5914,3765
24,5828,3743
24,5753,3700
24,5710,3675
24,5682,3651
24,5607,3566
24,5484,3504
24,5436,3484
24,5441,3478
24,5413,3470
24,5336,3432
24,5230,3390
24,5139,3345
24,5075,3317
24,5084,3314
24,5114,3322
24,5221,3363
24,5414,3466
24,5588,3569
24,5709,3651
24,5807,3719
24,5865,3769
24,5911,3808
24,5975,3855
24,6004,3881
24,6026,3876
24,6031,3870
24,6030,3882
24,6024,3885
24,5948,3774
24,5879,3734
24,5766,3674
24,5736,3663
24,5714,3655
24,5669,3617
24,5634,3589
24,5589,3571
24,5552,3539
24,5492,3506
24,5456,3483
24,5425,3459
24,5359,3421
24,5305,3392
24,5234,3362
24,5177,3341
24,5161,3332
24,5159,3336
24,5210,3355
24,5461,3485
24,5610,3589
24,5716,3684
24,5838,3773
24,5916,3846
24,5969,3860
24,5999,3878
24,6021,3892
24,6018,3894
24,6013,3881
24,5990,3846
24,5907,3800
24,5848,3780
24,5815,3773
24,5773,3761
24,5660,3704
24,5640,3681
24,5637,3670
24,5618,3650
24,5588,3627
24,5560,3593
24,5501,3537
24,5421,3497
24,5351,3477
24,5277,3460
24,5177,3427
24,5087,3381
24,5072,3374
24,5075,3371
24,5156,3405
24,5305,3472
24,5489,3551
24,5632,3630
24,5764,3724
24,5862,3811
24,5939,3869
24,5986,3898
24,6010,3923
24,6027,3930
24,6037,3910
24,6041,3882
24,6037,3912
24,6026,3918
24,5948,3861
24,5864,3805
24,5830,3800
24,5700,3785
24,5650,3755
24,5586,3682
24,5486,3620
24,5369,3564
24,5296,3538
24,5286,3537
24,5291,3539
24,5287,3529
24,5264,3513
24,5233,3500
24,5176,3480
24,5127,3461
24,5158,3472
24,5232,3490
24,5304,3521
24,5475,3599
24,5601,3667
24,5700,3730
24,5801,3794
24,5884,3835
24,5932,3870
24,5967,3890
24,5993,3902
24,6012,3910
24,6024,3910
24,6029,3914
24,6030,3923
24,6026,3922
24,6012,3903
24,5987,3895
24,5914,3869
24,5866,3833
24,5767,3767
24,5665,3717
24,5645,3694
24,5611,3671
24,5580,3656
24,5566,3644
24,5550,3637
24,5535,3624
24,5527,3619
24,5523,3612
24,5493,3594
24,5472,3577
24,5446,3562
24,5425,3549
24,5387,3530
24,5375,3521
24,5370,3518
24,5321,3497
24,5287,3481
24,5304,3485
24,5422,3542
24,5529,3601
24,5599,3645
24,5680,3699
24,5802,3780
24,5895,3842
24,5955,3887
24,5987,3903
24,6006,3915
24,6013,3920
24,6020,3927
24,6023,3931
24,6029,3943
24,6043,3945
24,6046,3943
24,6015,3944
24,5928,3865
24,5796,3839
24,5696,3813
24,5654,3776
24,5595,3729
24,5535,3688
24,5452,3648
24,5391,3622
24,5342,3599
24,5302,3581
24,5262,3548
24,5228,3530
24,5213,3522
24,5213,3524
24,5210,3526
24,5165,3505
24,5125,3486
24,5113,3483
24,5130,3487
24,5214,3516
24,5415,3599
24,5585,3687
24,5723,3771
24,5859,3853
24,5948,3897
24,5992,3911
24,6010,3925
