21,5442,4080
21,5380,3947
21,5384,3941
21,5417,3970
21,5459,4019
21,5533,4096
21,5649,4153
21,5690,4202
21,5702,4229
21,5711,4257
21,5718,4217
21,5703,4207
21,5665,4169
21,5591,4124
21,5514,4095
21,5472,4059
21,5401,4007
21,5324,3964
21,5265,3946
21,5155,3899
21,5044,3860
21,5002,3837
21,4936,3801
21,4918,3784
21,4877,3763
21,4849,3761
21,4817,3752
21,4809,3756
21,4823,3763
21,4915,3790
21,5021,3828
21,5176,3891
21,5354,3987
21,5503,4083
21,5624,4141
21,5691,4199
21,5714,4286
21,5727,4289
21,5735,4293
21,5709,4244
21,5625,4203
21,5528,4122
21,5375,4030
21,5279,3986
21,5184,3931
21,5082,3871
21,5045,3840
21,5034,3831
21,5029,3826
21,5013,3811
21,4989,3784
21,4970,3772
21,4949,3736
21,4927,3721
21,4874,3696
21,4842,3701
21,4898,3757
21,5044,3860
21,5314,4014
21,5505,4148
21,5612,4260
21,5672,4336
21,5688,4334
21,5607,4196
21,5439,4158
21,5323,4089
21,5319,4071
21,5210,3989
21,5093,3928
21,5022,3901
21,4783,3807
21,4633,3754
21,4483,3702
21,4518,3703
21,4657,3751
21,4948,3831
21,5161,3949
21,5355,4049
21,5495,4133
21,5612,4214
21,5681,4263
21,5712,4282
21,5725,4306
21,5724,4314
21,5705,4292
21,5659,4271
21,5518,4153
21,5361,4063
21,5247,4009
21,5153,3960
21,5071,3912
21,5037,3892
21,4991,3858
21,4948,3837
21,4894,3809
21,4821,3781
21,4793,3776
21,4854,3799
21,5019,3866
21,5298,4000
21,5459,4094
21,5552,4145
21,5634,4235
21,5686,4290
21,5716,4306
21,5727,4313
21,5739,4307
21,5716,4296
21,5659,4223
21,5553,4147
21,5503,4113
21,5466,4080
21,5403,4030
21,5394,4017
21,5348,3986
21,5280,3947
21,5177,3891
21,5056,3837
21,4967,3797
21,4862,3752
21,4725,3686
21,4655,3663
21,4643,3651
21,4775,3703
21,5190,3891
21,5317,3963
21,5399,4014
21,5476,4084
21,5553,4156
21,5634,4217
21,5680,4256
21,5699,4284
21,5716,4291
21,5723,4300
21,5714,4291
21,5661,4244
21,5609,4228
21,5537,4176
21,5509,4163
21,5485,4144
21,5427,4107
21,5304,4028
21,5202,3976
21,5118,3931
21,4993,3872
21,4874,3835
21,4860,3837
21,4837,3831
21,4827,3829
21,4798,3818
21,4810,3821
21,4758,3791
21,4754,3792
21,4721,3771
21,4731,3764
21,4870,3832
21,5020,3890
21,5194,3974
21,5362,4069
21,5487,4153
21,5583,4215
21,5643,4272
21,5678,4292
21,5702,4301
21,5707,4302
21,5705,4296
21,5661,4237
21,5533,4168
21,5437,4120
21,5341,4070
21,5226,4008
21,5145,3968
21,5077,3932
21,5029,3905
21,4933,3861
21,4832,3825
21,4796,3818
21,4742,3796
21,4726,3793
21,4692,3773
21,4585,3718
21,4594,3725
21,4602,3719
21,4610,3722
21,4758,3787
21,4966,3868
21,5146,3956
21,5369,4073
21,5536,4166
21,5638,4248
21,5672,4276
21,5696,4277
21,5706,4296
21,5709,4303
21,5708,4300
21,5683,4271
21,5592,4200
21,5481,4138
21,5392,4094
21,5364,4052
