19,5337,4244
19,5493,4274
19,5540,4307
19,5582,4343
19,5617,4389
19,5683,4482
19,5755,4525
19,5809,4559
19,5828,4561
19,5847,4579
19,5857,4592
19,5859,4595
19,5864,4619
19,5816,4650
19,5758,4552
19,5693,4454
19,5598,4407
19,5528,4360
19,5454,4328
19,5402,4274
19,5376,4239
19,5331,4175
19,5259,4127
19,5164,4068
19,5052,4005
19,4863,3908
19,4684,3817
19,4692,3822
19,4939,3936
19,5237,4113
19,5449,4278
19,5627,4419
19,5737,4525
19,5794,4569
19,5831,4596
19,5847,4608
19,5825,4595
19,5800,4589
19,5708,4503
19,5592,4409
19,5545,4377
19,5484,4341
19,5454,4314
19,5395,4278
19,5283,4199
19,5141,4111
19,5077,4061
19,5034,4015
19,4991,3990
19,4994,3992
19,5076,4025
19,5309,4179
19,5472,4317
19,5596,4441
19,5693,4516
19,5759,4553
19,5790,4576
19,5813,4608
19,5824,4636
19,5844,4646
19,5850,4657
19,5793,4598
19,5723,4523
19,5642,4422
19,5540,4337
19,5399,4249
19,5343,4217
19,5305,4184
19,5251,4152
19,5221,4131
19,5175,4106
19,5109,4084
19,5054,4049
19,4991,4001
19,4934,3973
19,4892,3953
19,5091,4064
19,5308,4201
19,5436,4287
19,5550,4388
19,5665,4490
19,5749,4533
19,5796,4580
19,5801,4600
19,5815,4624
19,5826,4647
19,5832,4657
19,5852,4648
19,5849,4647
19,5786,4591
19,5676,4499
19,5564,4408
19,5513,4360
19,5412,4271
19,5331,4199
19,5292,4166
19,5256,4133
19,5216,4099
19,5188,4081
19,5166,4058
19,5163,4062
19,5268,4131
19,5377,4207
19,5475,4287
19,5569,4398
19,5689,4510
19,5759,4578
19,5798,4601
19,5819,4626
19,5834,4651
19,5844,4665
19,5852,4673
19,5849,4675
19,5851,4685
19,5846,4688
19,5840,4693
19,5850,4692
19,5851,4689
19,5856,4686
19,5846,4681
19,5838,4663
19,5817,4646
19,5743,4589
19,5664,4526
19,5585,4446
19,5501,4379
19,5438,4323
19,5348,4256
19,5267,4183
19,5165,4103
19,5075,4049
19,5021,4011
19,4982,3990
19,4962,3971
19,5150,4074
19,5445,4292
19,5604,4420
19,5711,4536
19,5766,4582
19,5801,4621
19,5819,4643
19,5824,4654
19,5833,4666
19,5839,4675
19,5855,4664
19,5844,4660
19,5818,4630
19,5747,4566
19,5648,4453
19,5554,4361
19,5506,4320
19,5472,4285
19,5413,4225
19,5308,4155
19,5249,4115
19,5196,4073
19,5133,4014
19,5068,3981
19,5048,3962
19,5038,3956
19,5092,3998
19,5210,4072
19,5292,4137
19,5417,4240
19,5543,4366
19,5642,4459
19,5721,4534
19,5789,4597
19,5819,4624
19,5838,4637
19,5847,4663
19,5858,4678
19,5835,4668
19,5800,4605
19,5709,4517
19,5646,4435
19,5591,4409
19,5556,4372
19,5504,4325
19,5461,4290
19,5392,4251
19,5323,4210
19,5269,4168
19,5219,4124
19,5160,4087
19,5140,4068
19,5099,4034
19,5075,4019
19,5089,4026
19,5199,4102
19,5316,4193
19,5426,4280
19,5545,4383
19,5665,4505
19,5756,4585
19,5808,4622
19,5829,4639
19,5831,4662
19,5850,4676
19,5856,4687
