10,4431,5323
10,4638,5364
10,4632,5376
10,4658,5386
10,4744,5409
10,4759,5428
10,4750,5416
10,4758,5435
10,4687,5411
10,4613,5373
10,4494,5324
10,4371,5274
10,4244,5234
10,4058,5194
10,3876,5158
10,3767,5132
10,3685,5095
10,3536,5032
10,3424,4987
10,3373,4937
10,3450,4959
10,3719,5051
10,3962,5149
10,4263,5255
10,4432,5326
10,4565,5382
10,4682,5447
10,4746,5473
10,4728,5424
10,4720,5401
10,4765,5419
10,4803,5413
10,4821,5422
10,4764,5393
10,4691,5371
10,4528,5294
10,4408,5239
10,4283,5186
10,4159,5109
10,4047,5074
10,3978,5042
10,3827,4983
10,3650,4917
10,3591,4899
10,3524,4882
10,3342,4825
10,3179,4758
10,3130,4727
10,3141,4733
10,3174,4742
10,3626,4893
10,4168,5098
10,4382,5227
10,4526,5275
10,4627,5314
10,4680,5344
10,4716,5348
10,4727,5354
10,4737,5364
10,4738,5360
10,4743,5362
10,4752,5357
10,4744,5357
10,4719,5341
10,4655,5292
10,4471,5201
10,4254,5091
10,4120,5046
10,4050,5005
10,4014,4990
10,3961,4964
10,3893,4940
10,3805,4902
10,3741,4872
10,3750,4874
10,3751,4882
10,3764,4883
10,3800,4914
10,3823,4920
10,3844,4932
10,4003,5011
10,4220,5105
10,4372,5189
10,4534,5270
10,4640,5324
10,4673,5351
10,4699,5377
10,4730,5395
10,4751,5414
10,4781,5430
10,4811,5451
10,4829,5492
10,4845,5517
10,4841,5518
10,4821,5484
10,4786,5438
10,4724,5379
10,4648,5339
10,4570,5294
10,4528,5266
10,4386,5242
10,4307,5204
10,4235,5151
10,4103,5084
10,3917,5033
10,3783,4979
10,3694,4944
10,3576,4902
10,3400,4830
10,3107,4660
10,3072,4635
10,3132,4674
10,3217,4714
10,3521,4844
10,3836,4980
10,3994,5068
10,4118,5135
10,4252,5199
10,4369,5263
10,4486,5345
10,4614,5402
10,4675,5438
10,4723,5470
10,4729,5484
10,4756,5505
10,4765,5521
10,4779,5513
10,4774,5491
10,4683,5434
10,4490,5362
10,4381,5305
10,4268,5253
10,4156,5203
10,4043,5169
10,3964,5136
10,3851,5086
10,3698,5034
10,3643,5007
10,3576,4975
10,3478,4926
10,3362,4880
10,3281,4857
10,3199,4816
10,3124,4775
10,3051,4736
10,3002,4712
10,3003,4715
10,2975,4695
10,2932,4662
10,2887,4640
10,3085,4733
10,3497,4894
10,3888,5051
10,4130,5163
10,4298,5243
10,4417,5310
10,4512,5373
10,4593,5421
10,4675,5463
10,4728,5489
10,4760,5514
10,4790,5522
10,4795,5529
10,4823,5536
10,4836,5540
10,4847,5536
10,4817,5496
10,4751,5418
10,4641,5350
10,4496,5275
10,4421,5202
10,4351,5153
10,4261,5104
10,4171,5071
10,4104,5031
10,4011,4981
10,4015,4979
10,4084,5024
10,4242,5101
10,4351,5184
10,4441,5245
10,4527,5309
10,4631,5371
10,4697,5422
10,4730,5441
10,4735,5477
10,4764,5486
10,4783,5503
10,4791,5510
10,4802,5514
10,4821,5512
10,4822,5515
10,4800,5504
10,4754,5453
10,4666,5400
10,4536,5328
10,4397,5240
10,4318,5204
10,4218,5139
10,4114,5087
