28,5829,2942
28,6196,3006
28,6231,3030
28,6306,3061
28,6386,3076
28,6452,3096
28,6482,3097
28,6501,3107
28,6505,3112
28,6533,3116
28,6560,3129
28,6559,3121
28,6548,3115
28,6519,3097
28,6478,3088
28,6403,3084
28,6328,3070
28,6266,3059
28,6253,3048
28,6218,3022
28,6151,2987
28,6105,2971
28,6073,2965
28,6048,2960
28,6001,2947
28,5971,2940
28,5940,2928
28,5906,2905
28,5860,2894
28,5779,2868
28,5722,2852
28,5698,2840
28,5670,2832
28,5596,2813
28,5502,2794
28,5385,2776
28,5371,2771
28,5418,2777
28,5518,2792
28,5592,2808
28,5708,2827
28,5823,2853
28,5960,2894
28,6085,2938
28,6215,2987
28,6357,3036
28,6441,3060
28,6491,3072
28,6520,3092
28,6550,3105
28,6561,3113
28,6564,3116
28,6515,3085
28,6436,3076
28,6339,3057
28,6236,3018
28,6203,3012
28,6154,3001
28,6058,2970
28,5986,2946
28,5936,2925
28,5895,2914
28,5852,2906
28,5772,2888
28,5721,2869
28,5693,2858
28,5688,2853
28,5666,2846
28,5638,2842
28,5650,2844
28,5666,2839
28,5792,2860
28,5886,2871
28,5738,2845
28,5676,2834
28,5734,2850
28,5970,2911
28,6145,2963
28,6263,3000
28,6412,3046
28,6586,3104
28,6677,3126
28,6691,3140
28,6721,3130
28,6732,3133
28,6749,3151
28,6753,3149
28,6755,3157
28,6747,3148
28,6707,3140
28,6666,3125
28,6585,3106
28,6464,3076
28,6349,3042
28,6259,3010
28,6213,3001
28,6156,2984
28,6092,2958
28,5983,2927
28,5930,2909
28,5910,2901
28,5873,2887
28,5819,2869
28,5818,2860
28,5791,2846
28,5755,2839
28,5671,2825
28,5544,2799
28,5533,2795
28,5510,2787
28,5486,2779
28,5454,2775
28,5419,2770
28,5379,2768
28,5324,2754
28,5492,2804
28,5475,2840
28,5538,2868
28,5808,2937
28,6042,2990
28,6178,3037
28,6366,3088
28,6515,3127
28,6621,3142
28,6688,3144
28,6717,3162
28,6731,3181
28,6743,3186
28,6756,3168
28,6767,3180
28,6762,3194
28,6691,3183
28,6568,3152
28,6417,3117
28,6268,3075
28,6162,3043
28,6050,3014
28,5937,2990
28,5835,2971
28,5758,2959
28,5686,2940
28,5640,2933
28,5613,2926
28,5466,2896
28,5318,2861
28,5144,2824
28,5075,2805
28,5043,2794
28,4894,2763
28,4626,2728
28,4650,2737
28,5211,2828
28,5688,2915
28,5874,2955
28,6104,3006
28,6302,3065
28,6478,3108
28,6586,3133
28,6642,3138
28,6671,3143
28,6699,3145
28,6715,3154
28,6706,3160
28,6693,3161
28,6704,3158
28,6714,3156
28,6704,3159
28,6686,3161
28,6699,3163
28,6707,3166
28,6724,3165
28,6736,3173
28,6738,3166
28,6720,3159
28,6682,3154
28,6639,3143
28,6602,3126
28,6600,3124
28,6530,3114
28,6380,3070
28,6238,3035
28,6092,2995
28,6009,2972
28,5966,2965
28,5882,2951
28,5754,2917
28,5649,2888
28,5572,2871
28,5514,2857
28,5447,2843
28,5472,2846
28,5776,2900
28,6019,2955
28,6163,2994
28,6331,3044
28,6508,3099
28,6616,3124
28,6671,3133
28,6694,3137
28,6723,3147
