6,3983,5961
6,3793,5818
6,3737,5740
6,3728,5731
6,3685,5725
6,3578,5699
6,3535,5679
6,3433,5653
6,3384,5641
6,3314,5640
6,3335,5660
6,3684,5774
6,3866,5848
6,3980,5902
6,4242,5959
6,4303,6047
6,4329,6085
6,4343,6110
6,4329,6047
6,4225,5984
6,4145,5900
6,4022,5790
6,3962,5751
6,3874,5662
6,3774,5565
6,3757,5555
6,3706,5524
6,3659,5497
6,3630,5461
6,3576,5405
6,3552,5388
6,3546,5386
6,3650,5463
6,3794,5581
6,3894,5670
6,4015,5765
6,4091,5852
6,4172,5937
6,4282,5995
6,4366,6000
6,4368,6072
6,4360,6111
6,4399,6083
6,4399,6069
6,4360,6061
6,4276,6012
6,4165,5955
6,4064,5864
6,3997,5794
6,3884,5682
6,3821,5621
6,3797,5596
6,3779,5572
6,3764,5574
6,3686,5513
6,3580,5379
6,3357,5310
6,3085,5311
6,2987,5277
6,2916,5295
6,2729,5189
6,2820,5335
6,3027,5559
6,3422,5742
6,3872,5897
6,4079,6013
6,4097,6088
6,4166,6129
6,4230,6152
6,4256,6155
6,4267,6158
6,4290,6144
6,4296,6136
6,4231,6121
6,4144,6071
6,4096,6003
6,3990,5960
6,3932,5868
6,3877,5767
6,3727,5697
6,3510,5636
6,3455,5612
6,3432,5552
6,3359,5483
6,3311,5443
6,3186,5332
6,3111,5276
6,3149,5315
6,3367,5482
6,3551,5615
6,3664,5698
6,3774,5797
6,3937,5881
6,4092,5955
6,4156,6039
6,4220,6081
6,4237,6122
6,4286,6143
6,4298,6151
6,4301,6160
6,4288,6130
6,4238,6063
6,4183,5991
6,4067,5869
6,3857,5784
6,3709,5725
6,3462,5619
6,3333,5559
6,3289,5521
6,3269,5494
6,3236,5489
6,3236,5495
6,3234,5493
6,3235,5496
6,3257,5505
6,3234,5486
6,3233,5465
6,3251,5468
6,3387,5559
6,3479,5652
6,3570,5737
6,3778,5850
6,3974,5952
6,4119,6052
6,4210,6105
6,4262,6116
6,4291,6131
6,4298,6145
6,4295,6149
6,4260,6115
6,4210,6024
6,4054,5895
6,3946,5788
6,3833,5685
6,3684,5613
6,3532,5536
6,3439,5490
6,3380,5451
6,3357,5435
6,3321,5395
6,3269,5366
6,3241,5348
6,3176,5314
6,3101,5283
6,3136,5310
6,3295,5397
6,3504,5537
6,3684,5669
6,3853,5788
6,3962,5883
6,4050,5962
6,4122,6011
6,4213,6084
6,4274,6122
6,4323,6126
6,4335,6138
6,4313,6139
6,4266,6079
6,4170,5915
6,3986,5844
6,3853,5743
6,3726,5683
6,3600,5606
6,3463,5518
6,3402,5476
6,3370,5457
6,3303,5436
6,3236,5399
6,3217,5382
6,3200,5367
6,3210,5365
6,3260,5400
6,3433,5524
6,3555,5714
6,3708,5831
6,3875,5918
6,4007,5982
6,4082,6044
6,4124,6095
6,4191,6132
6,4252,6151
6,4294,6153
6,4314,6158
6,4327,6162
6,4304,6165
6,4290,6119
6,4162,6004
6,4020,5878
6,3684,5771
6,3395,5604
6,3323,5547
6,3347,5546
6,3355,5541
6,3320,5512
6,3320,5490
6,3272,5456
6,3264,5435
6,3223,5410
6,3062,5331
6,2953,5283
