6,5036,2342
6,5439,2641
6,6197,3690
6,6234,3729
6,6272,3755
6,6308,3771
6,6343,3809
6,6397,3837
6,6453,3844
6,6491,3851
6,6521,3867
6,6532,3919
6,6540,3954
6,6566,3959
6,6576,3962
6,6525,3987
6,6489,3934
6,6438,3863
6,6332,3744
6,6219,3661
6,6110,3587
6,5990,3484
6,5915,3397
6,5843,3332
6,5748,3263
6,5627,3165
6,5546,3083
6,5481,3020
6,5426,2955
6,5361,2899
6,5268,2819
6,5180,2732
6,5086,2634
6,4981,2542
6,4902,2483
6,4840,2432
6,4797,2404
6,4746,2368
6,4678,2320
6,4560,2246
6,4453,2193
6,4383,2165
6,4390,2170
6,4528,2248
6,4898,2510
6,5181,2763
6,5365,2918
6,5512,3047
6,5618,3137
6,5717,3198
6,5824,3258
6,5929,3327
6,6040,3395
6,6133,3464
6,6214,3544
6,6301,3665
6,6381,3755
6,6443,3785
6,6497,3818
6,6525,3860
6,6527,3925
6,6541,3967
6,6543,3993
6,6544,4010
6,6560,3989
6,6571,3931
6,6546,3898
6,6485,3848
6,6394,3763
6,6256,3653
6,6113,3527
6,5984,3415
6,5901,3375
6,5811,3320
6,5701,3256
6,5629,3207
6,5531,3104
6,5422,2984
6,5340,2913
6,5279,2867
6,5228,2825
6,5166,2772
6,5074,2679
6,4979,2592
6,4893,2522
6,4791,2456
6,4702,2406
6,4639,2371
6,4612,2357
6,4576,2339
6,4522,2306
6,4452,2258
6,4351,2207
6,4261,2166
6,4184,2135
6,4119,2116
6,4070,2102
6,4057,2098
6,4120,2118
6,4295,2198
6,4604,2384
6,5001,2687
6,5240,2871
6,5412,3020
6,5600,3153
6,5773,3251
6,5929,3341
6,6073,3429
6,6194,3511
6,6301,3607
6,6407,3726
6,6477,3797
6,6523,3865
6,6564,3890
6,6576,3906
6,6575,3946
6,6570,3962
6,6583,3952
6,6566,3959
6,6530,3962
6,6445,3939
6,6381,3841
6,6316,3746
6,6210,3668
6,6069,3552
6,5916,3427
6,5829,3356
6,5768,3311
6,5709,3272
6,5649,3212
6,5569,3128
6,5489,3033
6,5407,2966
6,5352,2931
6,5301,2897
6,5248,2850
6,5181,2800
6,5108,2720
6,5023,2632
6,4938,2564
6,4886,2531
6,4830,2494
6,4781,2465
6,4739,2439
6,4697,2417
6,4633,2385
6,4547,2340
6,4462,2285
6,4378,2232
6,4316,2198
