26,4218,6226
26,4041,6136
26,4029,6096
26,4016,6060
26,4001,6001
26,3996,5987
26,4005,6042
26,4016,6101
26,4025,6121
26,4027,6166
26,4081,6281
26,4127,6456
26,4184,6575
26,4233,6656
26,4234,6729
26,4254,6761
26,4243,6768
26,4235,6791
26,4243,6807
26,4252,6814
26,4264,6816
26,4283,6821
26,4292,6835
26,4295,6832
26,4330,6808
26,4352,6750
26,4339,6619
26,4281,6490
26,4204,6301
26,4109,6083
26,4027,5903
26,3976,5793
26,3950,5733
26,3905,5619
26,3843,5427
26,3739,5083
26,3639,4736
26,3570,4477
26,3529,4314
26,3472,4124
26,3401,3922
26,3337,3777
26,3290,3670
26,3243,3569
26,3202,3482
26,3152,3375
26,3110,3279
26,3083,3200
26,3071,3162
26,3077,3158
26,3086,3169
26,3111,3203
26,3135,3240
26,3164,3305
26,3244,3494
26,3338,3755
26,3417,4038
26,3543,4506
26,3635,4834
26,3698,5052
26,3751,5211
26,3794,5321
26,3830,5436
26,3873,5569
26,3921,5704
26,3971,5845
26,4032,6033
26,4088,6192
26,4157,6347
26,4243,6473
26,4329,6561
26,4368,6651
26,4378,6717
26,4377,6768
26,4381,6785
26,4369,6814
26,4357,6835
26,4350,6850
26,4358,6850
26,4380,6841
26,4378,6818
26,4356,6788
26,4342,6740
26,4330,6675
26,4289,6588
26,4243,6482
26,4198,6382
26,4161,6307
26,4115,6219
26,4049,6110
26,3991,5993
26,3941,5893
26,3894,5810
26,3850,5700
26,3799,5571
26,3738,5424
26,3671,5267
26,3605,5098
26,3548,4932
26,3509,4812
26,3471,4691
26,3432,4578
26,3397,4475
26,3360,4361
26,3322,4269
26,3291,4194
26,3264,4118
26,3239,4040
26,3215,3972
26,3204,3940
26,3232,4000
26,3314,4209
26,3412,4480
26,3476,4675
26,3524,4827
26,3562,4951
26,3627,5135
26,3712,5348
26,3777,5510
26,3844,5659
26,3919,5814
26,3989,5957
26,4063,6089
26,4136,6226
26,4203,6364
26,4257,6465
26,4309,6543
26,4356,6604
26,4382,6643
26,4387,6679
26,4388,6706
26,4386,6713
26,4389,6736
26,4391,6744
26,4390,6758
26,4392,6774
26,4386,6786
26,4388,6791
26,4393,6806
26,4393,6808
26,4400,6798
26,4399,6764
26,4374,6722
26,4349,6654
26,4309,6532
26,4254,6403
26,4204,6291
26,4145,6163
26,4084,6043
26,4032,5953
