28,3658,6071
28,3662,6083
28,3713,6191
28,3702,6155
28,3697,6136
28,3696,6134
28,3698,6129
28,3691,6095
28,3662,6085
28,3649,6102
28,3675,6117
28,3687,6128
28,3705,6148
28,3727,6164
28,3732,6201
28,3731,6223
28,3732,6237
28,3734,6242
28,3724,6242
28,3725,6243
28,3741,6246
28,3749,6248
28,3756,6247
28,3757,6248
28,3761,6242
28,3756,6226
28,3744,6213
28,3730,6171
28,3728,6106
28,3714,6051
28,3701,5996
28,3675,5940
28,3640,5871
28,3593,5772
28,3548,5690
28,3507,5630
28,3482,5583
28,3460,5538
28,3436,5480
28,3408,5423
28,3387,5372
28,3365,5323
28,3351,5287
28,3338,5259
28,3325,5233
28,3305,5204
28,3283,5166
28,3250,5114
28,3214,5053
28,3179,4975
28,3135,4878
28,3084,4726
28,3035,4561
28,2983,4383
28,2946,4265
28,2909,4152
28,2871,4048
28,2847,3983
28,2834,3943
28,2819,3903
28,2816,3889
28,2822,3904
28,2862,4045
28,3059,4757
28,3210,5160
28,3274,5273
28,3328,5373
28,3384,5511
28,3458,5681
28,3524,5847
28,3598,5998
28,3677,6089
28,3719,6156
28,3744,6195
28,3769,6216
28,3765,6252
28,3769,6281
28,3789,6286
28,3790,6293
28,3786,6298
28,3785,6315
28,3783,6322
28,3780,6329
28,3790,6313
28,3778,6292
28,3756,6284
28,3742,6247
28,3730,6218
28,3716,6177
28,3708,6123
28,3686,6055
28,3658,5973
28,3618,5912
28,3600,5873
28,3574,5812
28,3528,5714
28,3461,5577
28,3408,5420
28,3357,5275
28,3318,5172
28,3279,5067
28,3226,4924
28,3183,4793
28,3140,4661
28,3085,4504
28,3033,4355
28,2990,4224
28,2946,4084
28,2889,3931
28,2834,3791
28,2784,3665
28,2745,3564
28,2718,3485
28,2702,3434
28,2687,3392
28,2670,3338
28,2649,3275
28,2630,3215
28,2603,3144
28,2578,3080
28,2556,3017
28,2523,2934
28,2496,2872
28,2508,2886
28,2534,2932
28,2600,3095
28,2702,3360
28,2858,3898
28,3033,4507
28,3148,4851
28,3232,5077
28,3311,5275
28,3376,5440
28,3435,5596
28,3497,5717
28,3549,5797
28,3582,5880
28,3610,5950
28,3638,6019
28,3669,6079
28,3698,6132
28,3724,6174
28,3739,6194
28,3751,6219
28,3764,6234
28,3770,6244
28,3767,6261
28,3760,6279
28,3760,6294
28,3757,6310
