18,4209,4487
18,25940,4476
18,4524,4575
18,4500,4551
18,4487,4533
18,4477,4524
18,4469,4511
18,4460,4499
18,4454,4492
18,4451,4491
18,4462,4502
18,4490,4536
18,4517,4575
18,4553,4620
18,4619,4674
18,4725,4741
18,4846,4862
18,4961,4965
18,5086,5112
18,5212,5290
18,5313,5472
18,5396,5591
18,5454,5684
18,5501,5775
18,5472,5825
18,5426,5813
18,5387,5807
18,5330,5760
18,5290,5699
18,5254,5644
18,5160,5629
18,5058,5589
18,4992,5498
18,4936,5332
18,4871,5199
18,4793,5079
18,4682,4928
18,4587,4789
18,4510,4662
18,4440,4569
18,4375,4492
18,4332,4417
18,4296,4343
18,4243,4268
18,4196,4189
18,4153,4123
18,4108,4061
18,4057,3987
18,4015,3915
18,3974,3853
18,3944,3803
18,3928,3774
18,3913,3748
18,3905,3722
18,3885,3677
18,3830,3589
18,3766,3486
18,3689,3365
18,3595,3228
18,3510,3102
18,3453,3007
18,3392,2919
18,3348,2864
18,3328,2838
18,3308,2814
18,3304,2806
18,3324,2826
18,3388,2903
18,3532,3109
18,3662,3331
18,3784,3585
18,3904,3799
18,4036,4040
18,4192,4216
18,4330,4322
18,4435,4409
18,4548,4515
18,4671,4645
18,4779,4774
18,4866,4869
18,4931,4961
18,4989,5066
18,5058,5212
18,5136,5306
18,5177,5358
18,5189,5394
18,5202,5426
18,5228,5476
18,5290,5574
18,5269,5572
18,5248,5567
18,5237,5570
18,5233,5542
18,5220,5533
18,5227,5538
18,5149,5358
18,5009,5200
18,4877,5051
18,4781,4923
18,4730,4859
18,4660,4768
18,4592,4678
18,4535,4598
18,4483,4523
18,4433,4448
18,4396,4381
18,4359,4306
18,4368,4268
18,4316,4177
18,4238,4076
18,4169,3991
18,4107,3902
18,4049,3824
18,4026,3756
18,3933,3607
18,3822,3445
18,3715,3272
18,3627,3120
18,3542,2986
18,3474,2876
18,3428,2814
18,3394,2775
18,3365,2738
18,3346,2693
18,3326,2658
18,3312,2633
18,3304,2619
18,3317,2629
18,3363,2672
18,3457,2799
18,3663,3120
18,3961,3682
18,4101,3983
18,4179,4138
18,4277,4289
18,4362,4416
18,4450,4530
18,4561,4649
18,4707,4831
18,4869,5018
18,4941,5123
18,4995,5223
18,5051,5287
18,5093,5362
18,5111,5422
18,5175,5537
18,5181,5567
18,5134,5547
18,5135,5540
18,5151,5539
