10,4601,3511
10,4837,3691
10,2415279,3426
10,4738,3273
10,4731,3279
10,4733,3287
10,4729,3285
10,4710,3265
10,4693,3247
10,4691,3241
10,4700,3253
10,4715,3276
10,4740,3308
10,4766,3347
10,4795,3388
10,4858,3454
10,4931,3487
10,5006,3504
10,5090,3579
10,5181,3659
10,5274,3734
10,5353,3823
10,5430,3909
10,5510,3984
10,5558,4095
10,5572,4190
10,5585,4238
10,5595,4288
10,5610,4319
10,5600,4364
10,5618,4388
10,5629,4391
10,5643,4373
10,5637,4342
10,5600,4306
10,5541,4250
10,5472,4168
10,5359,4050
10,5256,3956
10,5135,3839
10,5039,3741
10,4936,3624
10,4806,3480
10,4714,3370
10,4636,3268
10,4556,3157
10,4467,3059
10,4408,2984
10,4359,2920
10,4312,2866
10,4280,2836
10,4251,2809
10,4222,2784
10,4204,2771
10,4181,2752
10,4160,2730
10,4142,2706
10,4132,2689
10,4120,2675
10,4110,2666
10,4111,2661
10,4110,2659
10,4108,2655
10,4107,2652
10,4105,2651
10,4088,2638
10,4064,2623
10,4050,2610
10,4047,2610
10,4054,2618
10,4076,2636
10,4126,2686
10,4198,2777
10,4274,2874
10,4332,2955
10,4389,3028
10,4427,3082
10,4467,3127
10,4507,3180
10,4569,3256
10,4685,3393
10,4841,3529
10,5010,3660
10,5120,3742
10,5196,3798
10,5262,3857
10,5314,3908
10,5365,3972
10,5417,4048
10,5476,4120
10,5518,4208
10,5553,4270
10,5570,4332
10,5603,4337
10,5633,4336
10,5666,4328
10,5696,4314
10,5714,4304
10,5726,4314
10,5733,4327
10,5719,4331
10,5667,4323
10,5576,4267
10,5522,4204
10,5481,4170
10,5471,4149
10,5483,4091
10,5459,4023
10,5404,3976
10,5313,3886
10,5209,3778
10,5107,3682
10,5017,3607
10,4944,3537
10,4875,3469
10,4793,3379
10,4721,3284
10,4655,3207
10,4606,3148
10,4560,3100
10,4505,3039
10,4444,2971
10,4389,2905
10,4333,2850
10,4282,2806
10,4234,2758
10,4177,2701
10,4127,2642
10,4078,2590
10,4011,2529
10,3937,2468
10,3869,2404
10,3805,2351
10,3743,2309
10,3708,2284
10,3680,2265
10,3660,2248
10,3624,2222
10,3603,2203
10,3579,2186
10,3561,2175
10,3541,2157
10,3521,2141
10,3508,2133
10,3499,2128
10,3498,2126
10,3496,2125
10,3499,2126
10,3507,2132
10,3516,2137
