0,6061,2581
0,6325,2741
0,37126,2692
0,6034,2657
0,6061,2668
0,6078,2669
0,6068,2667
0,6063,2673
0,6062,2678
0,6066,2684
0,6087,2702
0,6099,2716
0,6129,2738
0,6189,2753
0,6196,2755
0,6165,2751
0,6148,2747
0,6150,2751
0,6158,2762
0,6183,2779
0,6274,2791
0,6307,2805
0,6281,2808
0,6263,2812
0,6271,2820
0,6289,2844
0,6340,2853
0,6470,2851
0,6510,2865
0,6526,2885
0,6495,2892
0,6484,2894
0,6476,2887
0,6490,2884
0,6462,2845
0,6420,2845
0,6333,2784
0,6407,2787
0,6463,2801
0,6585,2821
0,6669,2825
0,6618,2799
0,6583,2785
0,6561,2781
0,6522,2777
0,6553,2770
0,6534,2744
0,6466,2700
0,6560,2694
0,6596,2704
0,6642,2716
0,6714,2731
0,6714,2744
0,6674,2748
0,6669,2754
0,6681,2759
0,6758,2770
0,6747,2776
0,6553,2763
0,6497,2762
0,6494,2765
0,6554,2773
0,6589,2777
0,6603,2786
0,6600,2797
0,6621,2824
0,6691,2849
0,6808,2875
0,6835,2892
0,6828,2914
0,6808,2923
0,6825,2931
0,6902,2943
0,6934,2949
0,6936,2956
0,6894,2956
0,6897,2954
0,6910,2948
0,6986,2952
0,6976,2934
0,6875,2876
0,6794,2845
0,6757,2839
0,6774,2837
0,6784,2831
0,6694,2818
0,6603,2806
0,6515,2781
0,6474,2759
0,6475,2761
0,6511,2768
0,6545,2778
0,6511,2774
0,6501,2775
0,6495,2779
0,6545,2783
0,6593,2787
0,6627,2796
0,6657,2810
0,6678,2824
0,6709,2855
0,6762,2885
0,6870,2911
0,6898,2928
0,6895,2941
0,6889,2948
0,6898,2953
0,6987,2970
0,7029,2987
0,6997,2994
0,6963,2986
0,6923,2978
0,6906,2975
0,6953,2968
0,6902,2944
0,6819,2911
0,6769,2879
0,6748,2859
0,6669,2840
0,6607,2835
0,6563,2827
0,6518,2813
0,6470,2790
0,6454,2760
0,6392,2725
0,6307,2703
0,6215,2676
0,6152,2651
0,6103,2613
0,6078,2565
0,6043,2520
0,5982,2475
0,5928,2459
0,5892,2437
0,5873,2423
0,5954,2457
0,6136,2570
0,6241,2635
0,6285,2673
0,6329,2708
0,6358,2728
0,6404,2744
0,6510,2768
0,6489,2754
0,6406,2725
0,6359,2711
0,6308,2694
0,6286,2688
0,6288,2681
0,6299,2668
