12,3486,2129
12,3852,2405
12,2013278,3668
12,5172,4259
12,5152,4249
12,5158,4245
12,5190,4259
12,5232,4292
12,5265,4332
12,5292,4366
12,5321,4397
12,5344,4440
12,5394,4471
12,5459,4481
12,5486,4520
12,5501,4581
12,5527,4603
12,5521,4643
12,5543,4669
12,5568,4692
12,5587,4709
12,5600,4713
12,5616,4715
12,5650,4603
12,5561,4651
12,5509,4505
12,5400,4336
12,5300,4251
12,5201,4216
12,5120,4169
12,5054,4098
12,5005,4024
12,4946,3943
12,4893,3873
12,4836,3791
12,4768,3705
12,4690,3598
12,4612,3474
12,4511,3330
12,4388,3164
12,4334,3084
12,4290,3027
12,4244,2971
12,4194,2915
12,4126,2841
12,4053,2759
12,3998,2688
12,3932,2613
12,3885,2552
12,3831,2495
12,3753,2432
12,3643,2352
12,3544,2275
12,3487,2241
12,3451,2218
12,3427,2203
12,3428,2203
12,3483,2237
12,3653,2379
12,3847,2584
12,4018,2811
12,4159,3015
12,4315,3244
12,4503,3492
12,4656,3677
12,4776,3808
12,4879,3911
12,4965,3993
12,5031,4045
12,5107,4102
12,5189,4172
12,5274,4252
12,5375,4367
12,5454,4450
12,5520,4490
12,5562,4542
12,5591,4605
12,5612,4639
12,5636,4653
12,5650,4685
12,5661,4704
12,5676,4716
12,5698,4712
12,5707,4712
12,5723,4710
12,5715,4705
12,5676,4714
12,5635,4695
12,5585,4643
12,5527,4542
12,5408,4428
12,5306,4345
12,5215,4277
12,5139,4217
12,5073,4159
12,5039,4120
12,5013,4092
12,4980,4057
12,4925,3998
12,4862,3930
12,4816,3872
12,4769,3820
12,4715,3749
12,4639,3643
12,4545,3499
12,4468,3391
12,4429,3335
12,4378,3276
12,4296,3176
12,4206,3075
12,4100,2960
12,4013,2860
12,3936,2772
12,3870,2689
12,3807,2613
12,3735,2537
12,3715,2510
12,3714,2508
12,3737,2523
12,3787,2570
12,3979,2799
12,4171,3070
12,4340,3325
12,4477,3518
12,4582,3654
12,4707,3797
12,4811,3918
12,4883,3993
12,4946,4040
12,4998,4085
12,5067,4115
12,5141,4143
12,5247,4222
12,5353,4291
12,5452,4372
12,5532,4451
12,5593,4486
12,5635,4514
12,5662,4535
12,5684,4550
12,5700,4561
12,5708,4566
12,5717,4557
12,5695,4493
12,5632,4414
12,5544,4330
12,5472,4262
12,5431,4227
12,5369,4173
12,5264,4105
