14,5370,4700
14,4887,4123
14,4720,3922
14,4709,3914
14,4704,3913
14,4704,3917
14,4709,3917
14,4720,3922
14,4729,3925
14,4743,3929
14,4781,3960
14,4873,4055
14,4980,4134
14,5115,4263
14,5217,4412
14,5309,4532
14,5384,4628
14,5440,4707
14,5506,4779
14,5564,4898
14,5562,4940
14,5580,4966
14,5628,5006
14,5595,5010
14,5566,5003
14,5540,4990
14,5465,4939
14,5381,4828
14,5307,4706
14,5231,4597
14,5130,4487
14,5041,4418
14,4975,4370
14,4933,4343
14,4880,4306
14,4781,4216
14,4674,4100
14,4567,3981
14,4465,3842
14,4363,3685
14,4326,3618
14,4294,3543
14,4254,3486
14,4222,3447
14,4175,3400
14,4134,3346
14,4102,3303
14,4064,3255
14,4023,3201
14,3972,3123
14,3920,3045
14,3884,2998
14,3860,2968
14,3852,2954
14,3853,2952
14,3860,2961
14,3883,2983
14,3969,3091
14,4132,3350
14,4291,3583
14,4401,3765
14,4492,3887
14,4594,4017
14,4681,4124
14,4758,4203
14,4821,4262
14,4882,4320
14,4954,4376
14,5041,4461
14,5112,4537
14,5154,4596
14,5207,4653
14,5255,4716
14,5302,4791
14,5338,4874
14,5405,4937
14,5484,4984
14,5517,5000
14,5529,5011
14,5527,5017
14,5537,5043
14,5613,5074
14,5635,5052
14,5641,5033
14,5626,5060
14,5628,5057
14,5652,5028
14,5630,5040
14,5521,4926
14,5380,4776
14,5276,4652
14,5215,4583
14,5124,4510
14,5025,4431
14,4926,4347
14,4812,4236
14,4716,4137
14,4653,4052
14,4604,3985
14,4540,3909
14,4460,3809
14,4378,3704
14,4314,3600
14,4238,3501
14,4176,3426
14,4117,3344
14,4066,3266
14,4030,3190
14,3950,3069
14,3867,2946
14,3810,2864
14,3782,2822
14,3748,2784
14,3716,2746
14,3690,2705
14,3660,2664
14,3649,2646
14,3645,2635
14,3664,2642
14,3710,2690
14,3866,2893
14,4062,3207
14,4219,3457
14,4342,3646
14,4446,3811
14,4531,3910
14,4624,4007
14,4685,4079
14,4753,4147
14,4831,4221
14,4931,4313
14,5033,4413
14,5149,4541
14,5233,4647
14,5295,4734
14,5369,4823
14,5439,4913
14,5523,4969
14,5551,4965
14,5579,4976
14,5605,5004
14,5613,5039
14,5668,5099
14,5630,5086
14,5630,5021
14,5605,4917
14,5526,4807
14,5409,4675
14,5329,4587
14,5204,4475
