2,6012,2567
2,6411,2725
2,38801,2895
2,6184,3031
2,6265,3113
2,6360,3149
2,6393,3185
2,6390,3213
2,6414,3225
2,6437,3241
2,6483,3260
2,6579,3287
2,6614,3295
2,6591,3310
2,6605,3319
2,6630,3330
2,6722,3348
2,6752,3353
2,6690,3346
2,6631,3335
2,6573,3321
2,6592,3284
2,6616,3253
2,6617,3237
2,6556,3213
2,6464,3184
2,6510,3157
2,6533,3124
2,6562,3070
2,6455,2966
2,6292,2836
2,6204,2754
2,6209,2746
2,6255,2757
2,6341,2770
2,6358,2789
2,6400,2813
2,6478,2845
2,6497,2877
2,6479,2896
2,6473,2912
2,6475,2923
2,6494,2933
2,6482,2939
2,6361,2941
2,6381,2962
2,6369,2974
2,6349,2986
2,6369,3022
2,6421,3059
2,6539,3088
2,6624,3109
2,6672,3129
2,6730,3161
2,6786,3217
2,6830,3261
2,6943,3328
2,6964,3354
2,6926,3342
2,6780,3300
2,6575,3243
2,6451,3151
2,6452,3075
2,6384,3009
2,6298,2967
2,6258,2952
2,6220,2944
2,6243,2930
2,6236,2894
2,6152,2845
2,6101,2800
2,6083,2770
2,6118,2757
2,6116,2755
2,6107,2773
2,6099,2789
2,6085,2797
2,6085,2813
2,6072,2833
2,6108,2864
2,6190,2922
2,6377,3027
2,6494,3088
2,6519,3109
2,6533,3129
2,6566,3166
2,6668,3220
2,6676,3263
2,6631,3272
2,6639,3275
2,6691,3288
2,6782,3313
2,6756,3304
2,6705,3299
2,6669,3283
2,6667,3278
2,6704,3281
2,6618,3267
2,6510,3240
2,6397,3186
2,6324,3113
2,6297,3045
2,6239,2982
2,6263,2968
2,6258,2969
2,6289,2976
2,6300,2988
2,6321,2991
2,6385,3000
2,6403,3011
2,6392,3021
2,6380,3027
2,6330,3022
2,6268,3003
2,6233,2978
2,6256,2950
2,6224,2929
2,6132,2889
2,6005,2824
2,5917,2780
2,5863,2744
2,5863,2709
2,5810,2657
2,5668,2567
2,5501,2465
2,5367,2387
2,5320,2364
2,5336,2362
2,5391,2381
2,5502,2440
2,5604,2517
2,5793,2656
2,6068,2826
2,6353,2973
2,6606,3080
2,6753,3160
2,6831,3205
2,6845,3269
2,6864,3305
2,6897,3342
2,7003,3378
2,7075,3400
2,7046,3413
2,6996,3408
2,6963,3399
2,7037,3407
2,7034,3402
2,6966,3356
2,6914,3319
2,6860,3250
