22,4563,5840
22,3930,4964
22,3877,4874
22,3878,4871
22,3878,4867
22,3876,4864
22,3877,4867
22,3871,4853
22,3867,4834
22,3861,4815
22,3912,4863
22,3978,4915
22,4060,4945
22,4178,5033
22,4275,5089
22,4338,5169
22,4401,5259
22,4446,5348
22,4450,5422
22,4458,5444
22,4492,5449
22,4517,5477
22,4510,5520
22,4518,5547
22,4519,5566
22,4497,5590
22,4495,5606
22,4515,5628
22,4525,5643
22,4529,5659
22,4533,5677
22,4539,5696
22,4547,5723
22,4557,5733
22,4567,5727
22,4535,5704
22,4516,5628
22,4501,5521
22,4426,5416
22,4348,5335
22,4241,5241
22,4123,5141
22,4058,5061
22,4017,4991
22,3969,4922
22,3905,4854
22,3845,4780
22,3787,4701
22,3729,4625
22,3676,4554
22,3618,4476
22,3571,4408
22,3540,4369
22,3511,4335
22,3478,4301
22,3447,4257
22,3414,4209
22,3374,4156
22,3316,4082
22,3260,4003
22,3192,3899
22,3120,3795
22,3085,3740
22,3062,3706
22,3041,3671
22,3018,3638
22,2993,3605
22,2964,3569
22,2919,3506
22,2872,3438
22,2808,3362
22,2763,3297
22,2734,3255
22,2714,3224
22,2698,3201
22,2699,3202
22,2710,3215
22,2719,3228
22,2740,3262
22,2793,3370
22,2850,3499
22,2933,3697
22,3074,4007
22,3246,4321
22,3393,4535
22,3527,4671
22,3640,4773
22,3747,4854
22,3865,4928
22,3975,4997
22,4061,5070
22,4135,5136
22,4216,5230
22,4292,5317
22,4342,5395
22,4369,5464
22,4398,5517
22,4430,5562
22,4478,5590
22,4520,5616
22,4548,5645
22,4579,5667
22,4601,5692
22,4604,5724
22,4604,5737
22,4605,5727
22,4568,5698
22,4526,5648
22,4442,5573
22,4333,5474
22,4222,5363
22,4137,5261
22,4089,5191
22,4057,5142
22,4037,5107
22,4025,5083
22,4021,5070
22,4018,5063
22,4017,5062
22,4018,5062
22,4016,5062
22,4016,5058
22,4014,5053
22,4011,5049
22,4006,5042
22,3995,5030
22,3979,5010
22,3951,4971
22,3920,4924
22,3888,4864
22,3841,4789
22,3797,4718
22,3751,4639
22,3686,4529
22,3608,4399
22,3512,4241
22,3429,4094
22,3362,3957
22,3281,3808
22,3213,3686
22,3169,3606
22,3119,3537
22,3086,3489
22,3068,3455
22,3049,3424
22,3036,3396
22,3024,3375
22,3021,3366
22,3017,3358
22,3008,3344
