4,6326,3369
4,6542,3259
4,6582,3221
4,6547,3223
4,6551,3224
4,6574,3239
4,6596,3262
4,6623,3276
4,6657,3258
4,6676,3233
4,6703,3246
4,6745,3340
4,6784,3404
4,6823,3435
4,6821,3548
4,6843,3601
4,6863,3619
4,6860,3651
4,6858,3664
4,6860,3642
4,6843,3572
4,6747,3570
4,6641,3535
4,6571,3450
4,6513,3360
4,6450,3241
4,6363,3109
4,6303,3038
4,6240,2973
4,6166,2924
4,6081,2878
4,5974,2817
4,5904,2768
4,5841,2704
4,5777,2643
4,5708,2592
4,5647,2538
4,5550,2475
4,5463,2424
4,5384,2377
4,5290,2316
4,5201,2268
4,5134,2239
4,5082,2221
4,5000,2197
4,4894,2173
4,4805,2153
4,4744,2143
4,4674,2134
4,4631,2130
4,4655,2137
4,4815,2181
4,5185,2341
4,5473,2495
4,5670,2619
4,5817,2701
4,5927,2777
4,6047,2846
4,6162,2925
4,6257,2973
4,6349,3019
4,6459,3092
4,6558,3152
4,6661,3223
4,6762,3265
4,6830,3333
4,6873,3401
4,6903,3483
4,6922,3537
4,6935,3560
4,6939,3601
4,6936,3638
4,6938,3665
4,6947,3680
4,6920,3714
4,6921,3707
4,6941,3641
4,6862,3505
4,6764,3502
4,6673,3432
4,6592,3292
4,6554,3240
4,6500,3207
4,6422,3191
4,6349,3222
4,6274,3191
4,6199,3106
4,6124,3013
4,6042,2931
4,5927,2837
4,5794,2722
4,5680,2626
4,5583,2566
4,5503,2524
4,5409,2479
4,5303,2426
4,5174,2345
4,4994,2242
4,4926,2205
4,4902,2196
4,4911,2200
4,4915,2200
4,4904,2199
4,4896,2193
4,4879,2187
4,4858,2181
4,4832,2175
4,4805,2170
4,4797,2164
4,4797,2167
4,4837,2186
4,4998,2259
4,5189,2356
4,5317,2433
4,5450,2531
4,5581,2618
4,5778,2742
4,5969,2837
4,6133,2931
4,6262,3013
4,6390,3059
4,6499,3104
4,6595,3177
4,6694,3261
4,6789,3342
4,6861,3397
4,6905,3424
4,6946,3466
4,6968,3521
4,6984,3581
4,6990,3624
4,6985,3647
4,6969,3662
4,6948,3682
4,6951,3695
4,6948,3675
4,6903,3630
4,6740,3610
4,6691,3534
4,6642,3415
4,6541,3282
4,6408,3090
4,6259,2930
4,6130,2850
4,6033,2805
4,5954,2769
4,5875,2728
4,5731,2641
4,5608,2558
4,5525,2498
