24,3740,5232
24,5452,5538
24,3952,5551
24,3936,5521
24,3948,5556
24,3958,5565
24,3932,5511
24,3934,5517
24,3969,5580
24,3953,5533
24,3983,5566
24,4044,5664
24,4096,5702
24,4184,5773
24,4280,5933
24,4310,6009
24,4378,6120
24,4456,6225
24,4468,6199
24,4515,6272
24,4552,6320
24,4544,6280
24,4586,6352
24,4610,6388
24,4587,6337
24,4628,6419
24,4636,6354
24,4618,6248
24,4619,6195
24,4542,5986
24,4430,5792
24,4385,5701
24,4317,5543
24,4230,5367
24,4178,5267
24,4136,5186
24,4037,4993
24,3966,4829
24,3905,4682
24,3812,4477
24,3748,4312
24,3697,4189
24,3654,4091
24,3581,3939
24,3499,3769
24,3441,3629
24,3357,3444
24,3273,3275
24,3198,3120
24,3128,2980
24,3109,2928
24,3097,2900
24,3095,2892
24,3090,2875
24,3097,2872
24,3098,2871
24,3079,2841
24,3058,2807
24,3045,2778
24,3049,2777
24,3032,2754
24,3001,2717
24,2959,2669
24,2950,2649
24,2915,2608
24,2888,2577
24,2869,2552
24,2883,2570
24,2954,2669
24,3094,2897
24,3214,3158
24,3290,3347
24,3389,3575
24,3483,3800
24,3528,3942
24,3583,4102
24,3656,4278
24,3704,4426
24,3747,4546
24,3829,4732
24,3885,4863
24,3933,4971
24,4008,5131
24,4071,5263
24,4138,5402
24,4224,5568
24,4253,5609
24,4336,5745
24,4426,5910
24,4475,6004
24,4549,6187
24,4566,6229
24,4601,6283
24,4636,6362
24,4628,6343
24,4651,6440
24,4633,6405
24,4631,6392
24,4653,6470
24,4637,6413
24,4646,6458
24,4662,6446
24,4632,6348
24,4631,6319
24,4584,6181
24,4497,5994
24,4444,5888
24,4359,5719
24,4259,5531
24,4193,5416
24,4132,5292
24,4026,5064
24,3932,4841
24,3875,4655
24,3804,4458
24,3725,4249
24,3652,4056
24,3586,3909
24,3499,3713
24,3389,3490
24,3284,3292
24,3194,3138
24,3108,2996
24,3056,2898
24,3019,2824
24,2996,2762
24,2959,2693
24,2941,2659
24,2911,2613
24,2920,2616
24,2967,2673
24,3089,2887
24,3272,3309
24,3422,3662
24,3575,4067
24,3695,4397
24,3780,4638
24,3861,4836
24,3970,5057
24,4014,5157
24,4096,5321
24,4226,5575
24,4307,5710
24,4413,5905
24,4497,6088
24,4518,6166
24,4588,6334
24,4608,6337
24,4606,6323
24,4634,6410
