16,5091,4943
16,4773,4503
16,4738,4476
16,4709,4445
16,4684,4408
16,4669,4384
16,4653,4372
16,4651,4367
16,4645,4372
16,4638,4370
16,4632,4349
16,4588,4313
16,4535,4247
16,4498,4182
16,4485,4134
16,4467,4079
16,4428,3963
16,4391,3881
16,4332,3777
16,4238,3639
16,4145,3496
16,4113,3434
16,4148,3458
16,4300,3680
16,4487,3992
16,4602,4180
16,4688,4303
16,4768,4395
16,4871,4491
16,4949,4581
16,5005,4653
16,5052,4715
16,5123,4798
16,5205,4888
16,5272,4998
16,5300,5145
16,5359,5218
16,5414,5262
16,5446,5326
16,5469,5372
16,5439,5424
16,5429,5398
16,5383,5351
16,5443,5393
16,5510,5443
16,5478,5429
16,5420,5340
16,5349,5195
16,5260,5058
16,5171,4953
16,5084,4863
16,4994,4769
16,4916,4673
16,4855,4595
16,4803,4511
16,4736,4434
16,4666,4336
16,4592,4244
16,4525,4161
16,4479,4091
16,4440,4008
16,4398,3911
16,4355,3811
16,4310,3734
16,4259,3657
16,4209,3587
16,4167,3528
16,4133,3482
16,4100,3422
16,4058,3366
16,4012,3303
16,3968,3253
16,3941,3220
16,3929,3206
16,3917,3194
16,3903,3178
16,3880,3148
16,3847,3105
16,3809,3058
16,3764,3005
16,3729,2966
16,3710,2948
16,3704,2940
16,3707,2943
16,3728,2969
16,3811,3070
16,3931,3248
16,4091,3501
16,4330,3886
16,4450,4067
16,4516,4168
16,4587,4259
16,4648,4340
16,4731,4438
16,4830,4574
16,4938,4716
16,5044,4825
16,5130,4941
16,5195,5040
16,5245,5119
16,5279,5180
16,5317,5222
16,5346,5256
16,5378,5288
16,5404,5320
16,5431,5352
16,5445,5371
16,5451,5380
16,5449,5326
16,5398,5266
16,5336,5177
16,5265,5076
16,5191,4994
16,5095,4920
16,5007,4833
16,4926,4730
16,4854,4614
16,4788,4521
16,4728,4438
16,4648,4347
16,4579,4275
16,4505,4205
16,4421,4113
16,4336,3995
16,4272,3893
16,4207,3802
16,4162,3724
16,4125,3677
16,4097,3642
16,4046,3575
16,3996,3496
16,3929,3405
16,3855,3306
16,3782,3219
16,3703,3136
16,3634,3060
16,3561,2976
16,3480,2892
16,3409,2823
16,3361,2778
16,3348,2768
16,3354,2778
16,3391,2824
16,3492,2967
16,3646,3217
16,3836,3556
16,4085,3946
16,4300,4196
16,4434,4335
16,4532,4439
