20,4793,5307
20,4296,4921
20,4230,4830
20,4153,4726
20,4096,4641
20,4069,4595
20,4057,4556
20,4054,4543
20,4046,4536
20,4039,4516
20,4049,4513
20,4067,4527
20,4085,4561
20,4080,4545
20,4061,4497
20,4059,4470
20,4035,4374
20,3957,4139
20,3854,3888
20,3790,3738
20,3790,3720
20,3782,3708
20,3731,3639
20,3637,3489
20,3585,3389
20,3598,3384
20,3650,3437
20,3821,3740
20,4105,4347
20,4183,4492
20,4232,4564
20,4320,4706
20,4375,4791
20,4444,4885
20,4506,4968
20,4565,5079
20,4615,5211
20,4661,5280
20,4702,5329
20,4735,5364
20,4760,5395
20,4781,5428
20,4775,5478
20,4782,5501
20,4775,5534
20,4772,5549
20,4774,5520
20,4754,5462
20,4705,5391
20,4629,5317
20,4542,5219
20,4434,5107
20,4344,5005
20,4284,4941
20,4250,4900
20,4219,4859
20,4189,4817
20,4156,4769
20,4105,4701
20,4036,4619
20,3966,4516
20,3878,4383
20,3794,4231
20,3721,4089
20,3657,3958
20,3597,3841
20,3542,3730
20,3504,3643
20,3462,3553
20,3401,3438
20,3328,3310
20,3250,3188
20,3198,3099
20,3166,3036
20,3137,2987
20,3119,2948
20,3101,2914
20,3102,2909
20,3122,2926
20,3151,2952
20,3176,2978
20,3218,3031
20,3280,3121
20,3344,3240
20,3455,3480
20,3578,3737
20,3690,3961
20,3837,4233
20,3988,4461
20,4085,4587
20,4183,4688
20,4278,4806
20,4372,4931
20,4462,5035
20,4541,5132
20,4611,5217
20,4641,5284
20,4665,5337
20,4694,5378
20,4719,5403
20,4733,5417
20,4741,5435
20,4751,5442
20,4754,5444
20,4757,5448
20,4761,5453
20,4766,5454
20,4771,5461
20,4775,5476
20,4784,5489
20,4784,5527
20,4796,5543
20,4807,5553
20,4808,5561
20,4799,5578
20,4782,5581
20,4756,5552
20,4695,5466
20,4608,5322
20,4453,5103
20,4319,4879
20,4230,4710
20,4143,4547
20,4049,4388
20,3942,4209
20,3831,4018
20,3734,3843
20,3636,3683
20,3563,3550
20,3494,3422
20,3424,3295
20,3365,3203
20,3306,3109
20,3252,3031
20,3205,2962
20,3158,2897
20,3115,2834
20,3084,2787
20,3064,2754
20,3042,2715
20,3014,2676
20,2986,2636
20,2949,2590
20,2906,2544
20,2854,2496
20,2800,2457
20,2781,2441
20,2775,2435
20,2779,2437
20,2799,2455
