30,3761,6322
30,3436,6339
30,3363,6287
30,3357,6268
30,3354,6250
30,3347,6204
30,3320,6173
30,3304,6170
30,3316,6173
30,3326,6195
30,3338,6216
30,3352,6241
30,3350,6273
30,3356,6298
30,3343,6317
30,3353,6334
30,3351,6349
30,3351,6354
30,3345,6360
30,3348,6353
30,3349,6345
30,3334,6320
30,3345,6276
30,3360,6196
30,3345,6149
30,3289,6077
30,3241,6018
30,3211,5946
30,3183,5882
30,3162,5825
30,3135,5763
30,3101,5701
30,3058,5640
30,3029,5589
30,3002,5530
30,2966,5440
30,2933,5361
30,2906,5292
30,2879,5241
30,2852,5176
30,2817,5098
30,2778,5011
30,2750,4931
30,2720,4855
30,2688,4772
30,2663,4691
30,2638,4614
30,2619,4552
30,2602,4498
30,2587,4451
30,2573,4403
30,2563,4369
30,2562,4366
30,2596,4481
30,2648,4682
30,2710,4891
30,2767,5072
30,2810,5210
30,2841,5290
30,2867,5373
30,2899,5463
30,2938,5552
30,2987,5645
30,3033,5744
30,3076,5837
30,3118,5926
30,3171,6021
30,3216,6095
30,3260,6183
30,3308,6247
30,3345,6287
30,3368,6317
30,3384,6350
30,3404,6371
30,3398,6390
30,3399,6402
30,3406,6402
30,3393,6407
30,3381,6409
30,3392,6412
30,3400,6410
30,3416,6396
30,3414,6391
30,3410,6385
30,3411,6379
30,3395,6361
30,3380,6303
30,3372,6235
30,3353,6195
30,3330,6160
30,3318,6141
30,3299,6081
30,3252,5935
30,3200,5824
30,3164,5763
30,3114,5678
30,3041,5546
30,2956,5386
30,2899,5273
30,2864,5200
30,2856,5176
30,2842,5129
30,2819,5052
30,2777,4923
30,2734,4793
30,2681,4631
30,2623,4481
30,2569,4345
30,2532,4229
30,2499,4130
30,2458,4006
30,2416,3884
30,2378,3759
30,2340,3617
30,2307,3498
30,2280,3412
30,2261,3352
30,2256,3326
30,2259,3323
30,2259,3319
30,2282,3369
30,2357,3598
30,2480,4061
30,2577,4397
30,2629,4577
30,2672,4710
30,2705,4807
30,2730,4884
30,2748,4937
30,2776,5012
30,2833,5159
30,2896,5289
30,2954,5404
30,3020,5533
30,3084,5678
30,3142,5832
30,3192,5958
30,3240,6054
30,3258,6129
30,3273,6175
30,3309,6224
30,3323,6273
30,3345,6294
30,3360,6307
30,3358,6329
30,3355,6340
30,3363,6346
30,3359,6351
30,3366,6348
30,3376,6350
