8,6037,4066
8,5677,3558
8,5420,3264
8,5372,3242
8,5350,3229
8,5315,3182
8,5301,3174
8,5330,3215
8,5371,3253
8,5461,3338
8,5586,3438
8,5706,3523
8,5803,3595
8,5877,3654
8,5958,3729
8,6039,3795
8,6115,3850
8,6187,3926
8,6235,4048
8,6291,4121
8,6340,4176
8,6364,4249
8,6393,4277
8,6408,4282
8,6401,4294
8,6384,4315
8,6377,4316
8,6317,4284
8,6182,4219
8,6029,4125
8,5981,4046
8,6036,4036
8,5982,3992
8,5912,3929
8,5850,3825
8,5727,3723
8,5588,3632
8,5420,3521
8,5244,3405
8,5138,3293
8,5073,3223
8,5020,3181
8,4973,3145
8,4930,3099
8,4894,3042
8,4843,2980
8,4800,2915
8,4776,2885
8,4745,2863
8,4697,2821
8,4654,2782
8,4630,2756
8,4609,2735
8,4585,2712
8,4561,2691
8,4541,2672
8,4525,2653
8,4507,2628
8,4476,2587
8,4441,2546
8,4402,2504
8,4368,2469
8,4332,2433
8,4302,2402
8,4284,2389
8,4277,2384
8,4282,2389
8,4309,2405
8,4359,2445
8,4446,2526
8,4513,2590
8,4575,2658
8,4650,2733
8,4736,2822
8,4859,2945
8,4974,3013
8,5057,3097
8,5131,3184
8,5197,3267
8,5265,3351
8,5334,3440
8,5412,3538
8,5484,3604
8,5547,3705
8,5597,3785
8,5641,3837
8,5674,3898
8,5695,3956
8,5707,3994
8,5717,4013
8,5728,4016
8,5731,4025
8,5728,4034
8,5731,4029
8,5712,4015
8,5681,3937
8,5636,3822
8,5585,3752
8,5528,3712
8,5473,3673
8,5415,3630
8,5368,3600
8,5329,3574
8,5298,3550
8,5263,3521
8,5236,3487
8,5203,3461
8,5175,3424
8,5144,3392
8,5106,3343
8,5040,3262
8,4973,3187
8,4918,3122
8,4866,3063
8,4816,2986
8,4768,2916
8,4707,2827
8,4621,2716
8,4520,2619
8,4430,2528
8,4343,2449
8,4250,2368
8,4165,2296
8,4093,2244
8,4046,2214
8,4008,2186
8,3964,2158
8,3929,2137
8,3892,2116
8,3849,2096
8,3828,2087
8,3822,2084
8,3814,2080
8,3802,2077
8,3797,2075
8,3793,2074
8,3818,2082
8,3906,2128
8,4250,2426
8,4570,2756
8,4705,2909
8,4817,3028
8,4901,3124
8,5001,3229
8,5101,3314
8,5189,3379
8,5271,3442
8,5351,3515
8,5417,3581
8,5477,3640
