0,10114,5409
0,10027,5391
0,10013,5398
0,10007,5409
0,10025,5420
0,10015,5420
0,10020,5431
0,10021,5436
0,10037,5445
0,10050,5450
0,10072,5460
0,10114,5479
0,10141,5496
0,10165,5511
0,10193,5523
0,10209,5530
0,10246,5546
0,10325,5573
0,10404,5610
0,10440,5656
0,10427,5673
0,10464,5680
0,10490,5691
0,10505,5698
0,10522,5703
0,10519,5672
0,10480,5621
0,10347,5588
0,10185,5573
0,10020,5547
0,9848,5494
0,9660,5412
0,9468,5334
0,9325,5299
0,9074,5183
0,8809,5055
0,8653,4986
0,8440,4850
0,8575,4908
0,9125,5142
0,9475,5283
0,9667,5347
0,9844,5396
0,10006,5446
0,10163,5505
0,10323,5573
0,10430,5620
0,10502,5659
0,10531,5682
0,10561,5687
0,10592,5680
0,10605,5695
0,10617,5698
0,10628,5680
0,10622,5651
0,10565,5605
0,10478,5563
0,10392,5544
0,10352,5532
0,10272,5513
0,10130,5484
0,9990,5448
0,9883,5419
0,9756,5381
0,9578,5323
0,9446,5288
0,9331,5251
0,9138,5159
0,8782,4888
0,8525,4665
0,8463,4600
0,8937,4932
0,9610,5299
0,9974,5419
0,10190,5492
0,10335,5555
0,10467,5607
0,10537,5649
0,10582,5681
0,10610,5703
0,10633,5708
0,10643,5714
0,10630,5690
0,10535,5621
0,10409,5573
0,10201,5525
0,9892,5416
0,9739,5358
0,9669,5334
0,9552,5289
0,9316,5199
0,9145,5105
0,9072,5060
0,8869,4907
0,8799,4839
0,9290,5160
0,9886,5403
0,10136,5490
0,10290,5543
0,10415,5597
0,10487,5638
0,10548,5665
0,10593,5684
0,10605,5697
0,10592,5707
0,10599,5709
0,10610,5713
0,10628,5700
0,10623,5678
0,10560,5649
0,10475,5615
0,10420,5603
0,10350,5587
0,10245,5544
0,10157,5518
0,10025,5472
0,9842,5398
0,9706,5330
0,9605,5289
0,9511,5263
0,9362,5229
0,9207,5192
0,9061,5146
0,8895,5045
0,8877,5027
0,9475,5289
0,10026,5461
0,10202,5514
0,10335,5568
0,10461,5628
0,10534,5653
0,10589,5681
0,10607,5681
0,10619,5703
0,10628,5719
0,10635,5717
0,10639,5709
0,10604,5672
0,10431,5588
0,10281,5553
0,10176,5529
0,10053,5496
0,9816,5409
0,9616,5328
0,9444,5270
0,9258,5225
0,9071,5163
0,8874,5061
0,8713,4936
0,8655,4860
