30,5645,8832
30,5805,9439
30,5767,9271
30,5757,9250
30,5732,9185
30,5685,9003
30,5526,8441
30,5403,7954
30,5370,7757
30,5556,8449
30,5653,8868
30,5699,9035
30,5787,9283
30,5906,9595
30,6036,9866
30,6165,10143
30,6234,10353
30,6281,10477
30,6299,10541
30,6316,10588
30,6333,10605
30,6347,10595
30,6320,10521
30,6272,10315
30,6168,10013
30,6097,9831
30,6044,9704
30,5985,9585
30,5913,9437
30,5833,9300
30,5768,9146
30,5709,8953
30,5620,8684
30,5519,8363
30,5419,8031
30,5359,7789
30,5350,7742
30,5346,7721
30,5312,7571
30,5282,7434
30,5299,7493
30,5420,7974
30,5591,8567
30,5717,8963
30,5823,9276
30,5931,9565
30,6043,9839
30,6148,10101
30,6231,10314
30,6284,10432
30,6316,10492
30,6329,10551
30,6343,10601
30,6348,10631
30,6346,10618
30,6331,10524
30,6254,10322
30,6154,10041
30,5999,9683
30,5892,9407
30,5779,9098
30,5670,8834
30,5562,8650
30,5433,8395
30,5318,8098
30,5195,7714
30,5049,7176
30,4883,6601
30,4789,6270
30,4777,6202
30,4821,6305
30,5026,7127
30,5323,8374
30,5541,9021
30,5716,9430
30,5863,9721
30,6003,9974
30,6137,10213
30,6239,10417
30,6320,10531
30,6375,10596
30,6410,10633
30,6425,10651
30,6421,10634
30,6380,10514
30,6257,10257
30,6076,9855
30,5906,9461
30,5834,9291
30,5726,9097
30,5645,8996
30,5544,8836
30,5425,8588
30,5353,8367
30,5293,8135
30,5218,7873
30,5139,7609
30,5083,7391
30,5031,7200
30,4992,7072
30,4993,7072
30,5129,7618
30,5436,8670
30,5624,9127
30,5741,9402
30,5883,9685
30,6023,9964
30,6176,10261
30,6273,10475
30,6334,10552
30,6382,10598
30,6407,10623
30,6412,10595
30,6328,10417
30,6197,10230
30,6098,10002
30,5941,9618
30,5774,9269
30,5681,9054
30,5648,8974
30,5616,8909
30,5551,8794
30,5462,8618
30,5381,8436
30,5292,8175
30,5141,7730
30,4972,7247
30,4914,7084
30,4938,7145
30,5044,7445
30,5201,8041
30,5418,8720
30,5586,9118
30,5717,9375
30,5883,9694
30,6053,10017
30,6185,10274
30,6278,10471
30,6345,10577
30,6394,10630
30,6394,10647
30,6377,10564
30,6267,10321
30,6130,10040
30,5982,9732
30,5933,9589
30,5909,9529
30,5856,9414
30,5747,9214
30,5631,8938
