18,8500,7920
18,8455,7849
18,8510,7914
18,8598,8049
18,8706,8252
18,8773,8539
18,8810,8674
18,8822,8817
18,8820,8935
18,8763,9027
18,8777,9053
18,8734,9078
18,8738,9071
18,8768,8988
18,8735,8788
18,8619,8562
18,8491,8372
18,8328,8154
18,8192,7964
18,8049,7727
18,7957,7557
18,7845,7300
18,7702,6956
18,7571,6610
18,7422,6266
18,7241,5928
18,7115,5713
18,7009,5531
18,6917,5415
18,6852,5325
18,6975,5493
18,7365,6243
18,7667,6906
18,7832,7260
18,8010,7547
18,8171,7776
18,8325,7975
18,8475,8165
18,8645,8396
18,8782,8660
18,8892,8826
18,8945,8935
18,8958,9025
18,8945,9109
18,8920,9155
18,8901,9170
18,8878,9143
18,8870,8996
18,8779,8649
18,8515,8380
18,8308,8137
18,8151,7890
18,8022,7653
18,7918,7470
18,7818,7291
18,7674,7021
18,7514,6722
18,7367,6471
18,7230,6216
18,7103,5972
18,6991,5768
18,6884,5616
18,6749,5441
18,6609,5267
18,6544,5178
18,6513,5138
18,6476,5095
18,6447,5055
18,6435,5038
18,6488,5105
18,6814,5598
18,7128,6183
18,7339,6614
18,7565,7043
18,7797,7417
18,7976,7683
18,8139,7888
18,8325,8138
18,8485,8353
18,8639,8555
18,8728,8837
18,8801,9008
18,8873,9074
18,8902,9130
18,8887,9183
18,8861,9214
18,8850,9176
18,8837,8938
18,8641,8571
18,8342,8153
18,8105,7806
18,8022,7674
18,8008,7650
18,7990,7627
18,7927,7518
18,7751,7229
18,7552,6874
18,7428,6650
18,7348,6488
18,7243,6275
18,7078,5969
18,6906,5691
18,6758,5501
18,6622,5328
18,6514,5188
18,6418,5079
18,6368,5025
18,6851,5807
18,7513,7043
18,7842,7543
18,8102,7881
18,8383,8237
18,8623,8566
18,8772,8791
18,8869,8954
18,8889,9127
18,8871,9233
18,8887,9249
18,8884,9242
18,8832,9207
18,8748,8995
18,8475,8602
18,8243,8398
18,8107,8283
18,7946,8224
18,7827,8136
18,7678,7991
18,7477,7763
18,7234,7390
18,6950,6942
18,6733,6600
18,6640,6474
18,6588,6392
18,6510,6284
18,6403,6124
18,6278,5936
18,6156,5752
18,5997,5517
18,5867,5340
18,5808,5266
18,5853,5318
18,6285,6032
18,7018,7123
18,7480,7620
18,7779,7894
18,8100,8168
18,8375,8448
18,8619,8744
18,8777,8984
18,8854,9135
