6,10010,6556
6,10127,6671
6,10155,6684
6,10198,6708
6,10275,6756
6,10367,6810
6,10462,6891
6,10537,6924
6,10611,6958
6,10640,6947
6,10594,6849
6,10473,6733
6,10255,6657
6,9998,6573
6,9799,6365
6,9825,6402
6,9795,6522
6,9647,6519
6,9512,6405
6,9445,6425
6,9317,6392
6,9220,6391
6,9317,6464
6,9525,6558
6,9763,6642
6,10022,6702
6,10353,6714
6,10496,6684
6,10544,6654
6,10571,6719
6,10574,6731
6,10571,6785
6,10506,6825
6,10427,6883
6,10400,6849
6,10304,6804
6,10159,6707
6,9982,6607
6,9976,6617
6,9929,6556
6,9854,6469
6,9804,6435
6,9749,6406
6,9714,6361
6,9750,6341
6,9975,6472
6,10316,6703
6,10515,6886
6,10599,6931
6,10693,6887
6,10679,6959
6,10567,7051
6,10469,6987
6,10335,6841
6,9989,6680
6,9890,6538
6,9889,6458
6,9813,6426
6,9530,6255
6,9375,6160
6,9293,6107
6,9073,5953
6,8789,5709
6,8665,5556
6,8528,5415
6,8915,5842
6,9713,6437
6,10129,6632
6,10336,6702
6,10513,6814
6,10622,6945
6,10630,7106
6,10657,7121
6,10621,7122
6,10576,7066
6,10471,6893
6,10232,6692
6,9999,6581
6,9737,6424
6,9432,6224
6,9239,6115
6,9080,6023
6,8966,5964
6,8814,5895
6,8553,5680
6,8230,5355
6,7968,5134
6,7869,5052
6,7850,5040
6,8493,5649
6,9724,6525
6,10222,6802
6,10525,6954
6,10621,7033
6,10707,7092
6,10732,7112
6,10732,7119
6,10690,7115
6,10591,7057
6,10492,6949
6,10305,6796
6,9997,6583
6,9751,6415
6,9591,6315
6,9217,6016
6,8759,5629
6,8622,5515
6,8670,5603
6,8770,5746
6,9243,6132
6,9642,6377
6,9863,6488
6,10099,6594
6,10322,6721
6,10525,6884
6,10632,7028
6,10690,7095
6,10733,7102
6,10689,7015
6,10543,6918
6,10208,6710
6,9812,6340
6,9419,5974
6,9020,5534
6,8854,5396
6,8660,5281
6,8592,5231
6,8546,5202
6,8366,5085
6,8119,4920
6,7892,4803
6,7769,4756
6,7768,4757
6,8142,5026
6,8976,5800
6,9465,6189
6,9798,6381
6,10119,6551
6,10395,6743
6,10574,6873
6,10649,6988
6,10660,7095
6,10679,7054
6,10566,6910
6,10280,6743
6,9897,6557
6,9596,6368
6,9354,6241
6,8980,5928
6,8365,5385
