24,7357,8657
24,7572,9035
24,7561,9015
24,7523,8935
24,7556,9009
24,7669,9235
24,7746,9528
24,7738,9560
24,7682,9459
24,7615,9430
24,7579,9470
24,7556,9500
24,7474,9494
24,7409,9374
24,7287,9116
24,7123,8894
24,6964,8539
24,6802,8176
24,6701,7950
24,6581,7636
24,6448,7320
24,6312,7021
24,6206,6768
24,6082,6518
24,6008,6384
24,5974,6322
24,5931,6241
24,5904,6207
24,5874,6175
24,5884,6219
24,6095,6866
24,6367,7627
24,6575,8079
24,6797,8451
24,7018,8743
24,7173,8970
24,7319,9177
24,7424,9362
24,7489,9481
24,7523,9561
24,7558,9609
24,7581,9636
24,7603,9631
24,7598,9544
24,7486,9348
24,7355,9120
24,7242,8956
24,7099,8712
24,6945,8483
24,6795,8243
24,6599,7922
24,6385,7512
24,6228,7185
24,6124,6957
24,6000,6690
24,5841,6349
24,5678,6063
24,5600,5929
24,5594,5905
24,5630,5946
24,5800,6280
24,6004,6810
24,6164,7212
24,6323,7592
24,6512,7953
24,6759,8334
24,7009,8684
24,7222,8969
24,7398,9247
24,7503,9460
24,7576,9582
24,7636,9630
24,7658,9664
24,7676,9615
24,7635,9390
24,7443,9092
24,7210,8785
24,7042,8580
24,6913,8396
24,6777,8180
24,6556,7823
24,6363,7420
24,6196,7056
24,6069,6762
24,5971,6521
24,5928,6417
24,5985,6507
24,6021,6565
24,6047,6611
24,6364,7432
24,6818,8323
24,7104,8772
24,7299,9114
24,7421,9350
24,7505,9507
24,7593,9589
24,7663,9629
24,7677,9679
24,7708,9699
24,7729,9623
24,7630,9448
24,7415,9183
24,7142,8778
24,6980,8519
24,6779,8186
24,6480,7611
24,6261,7151
24,6135,6894
24,6046,6688
24,5893,6395
24,5734,6135
24,5644,5964
24,5573,5854
24,5612,5897
24,5945,6671
24,6361,7648
24,6648,8156
24,6946,8601
24,7256,9031
24,7438,9383
24,7577,9552
24,7651,9620
24,7672,9663
24,7678,9684
24,7678,9588
24,7529,9393
24,7292,9046
24,6993,8664
24,6710,8246
24,6421,7765
24,6379,7679
24,6350,7606
24,6266,7412
24,6152,7162
24,5963,6803
24,5702,6304
24,5600,6077
24,5563,5987
24,5589,6009
24,5711,6248
24,6088,7156
24,6515,7960
24,6868,8494
24,7257,9041
24,7448,9379
24,7508,9557
24,7559,9632
24,7625,9669
24,7658,9694
24,7678,9692
