4,9520,5382
4,9503,5442
4,9528,5481
4,9749,5677
4,9940,5799
4,10065,5857
4,10189,5927
4,10322,6008
4,10464,6081
4,10571,6191
4,10675,6256
4,10745,6310
4,10704,6340
4,10652,6350
4,10478,6327
4,10330,6278
4,10229,6181
4,9721,5945
4,9228,5766
4,8967,5686
4,8714,5489
4,8476,5245
4,8402,5182
4,8383,5165
4,8280,5081
4,8224,5041
4,8222,5036
4,8328,5142
4,8944,5689
4,9303,5903
4,9590,6032
4,9758,6142
4,9862,6200
4,9926,6246
4,9969,6292
4,9969,6324
4,9931,6318
4,9865,6281
4,9736,6204
4,9454,6076
4,9161,5976
4,8965,5869
4,8705,5648
4,8370,5345
4,8125,5115
4,7959,4951
4,7714,4774
4,7371,4591
4,7159,4544
4,7066,4538
4,7085,4543
4,7526,4696
4,8459,5376
4,9015,5759
4,9309,5891
4,9557,5982
4,9757,6069
4,9884,6098
4,9950,6161
4,9992,6177
4,10008,6278
4,10004,6283
4,9957,6306
4,9856,6299
4,9740,6159
4,9594,6002
4,9370,5823
4,9180,5710
4,9024,5635
4,8913,5594
4,8827,5555
4,8776,5525
4,8679,5445
4,8575,5346
4,8475,5280
4,8448,5265
4,8448,5272
4,8402,5262
4,8375,5262
4,8380,5277
4,8618,5503
4,9119,5851
4,9407,6008
4,9606,6109
4,9765,6234
4,9855,6354
4,9902,6414
4,9946,6411
4,9977,6416
4,9984,6444
4,9982,6443
4,9911,6416
4,9770,6333
4,9626,6201
4,9503,6076
4,9394,5994
4,9256,5914
4,9076,5800
4,8886,5655
4,8661,5485
4,8424,5315
4,8320,5239
4,8273,5192
4,8167,5079
4,7948,4915
4,7752,4782
4,7681,4739
4,7692,4735
4,7771,4771
4,8140,5025
4,8771,5515
4,9227,5804
4,9544,5973
4,9755,6090
4,9869,6176
4,9939,6216
4,9979,6253
4,10003,6313
4,10023,6327
4,10028,6357
4,10030,6371
4,10015,6365
4,9967,6332
4,9867,6303
4,9752,6203
4,9591,6062
4,9377,5930
4,9230,5855
4,9063,5738
4,8920,5655
4,8766,5573
4,8657,5505
4,8540,5420
4,8387,5333
4,8279,5269
4,8228,5241
4,8263,5261
4,8757,5599
4,9303,5926
4,9556,6053
4,9717,6125
4,9871,6184
4,9971,6230
4,10011,6250
4,10028,6349
4,10033,6366
4,10018,6335
4,9958,6281
4,9781,6179
4,9611,6072
