12,9396,7368
12,9452,7418
12,9544,7490
12,9707,7679
12,9872,7912
12,9971,8094
12,10011,8204
12,10037,8243
12,10053,8275
12,10067,8267
12,10063,8207
12,9960,8009
12,9701,7757
12,9411,7555
12,9190,7295
12,8941,6982
12,8721,6680
12,8576,6491
12,8444,6330
12,8305,6127
12,8185,5923
12,8023,5662
12,7873,5459
12,7757,5298
12,7686,5229
12,7860,5443
12,8392,6207
12,8825,6792
12,9096,7060
12,9358,7324
12,9618,7561
12,9852,7858
12,10023,8033
12,10093,8176
12,10122,8245
12,10111,8264
12,10087,8208
12,9983,8028
12,9733,7698
12,9356,7281
12,9104,7014
12,8882,6734
12,8627,6382
12,8450,6117
12,8297,5857
12,8097,5561
12,7837,5224
12,7539,4931
12,7340,4782
12,7238,4710
12,7253,4707
12,7506,4914
12,8192,5810
12,8783,6676
12,9205,7174
12,9544,7533
12,9785,7843
12,9945,8053
12,10032,8185
12,10067,8249
12,10084,8302
12,10096,8323
12,10096,8256
12,10012,8088
12,9771,7752
12,9437,7402
12,9129,7071
12,8917,6771
12,8723,6497
12,8527,6227
12,8302,5869
12,8113,5572
12,7990,5383
12,7914,5281
12,8164,5664
12,9002,6889
12,9368,7256
12,9682,7589
12,9927,7881
12,10060,8069
12,10120,8219
12,10147,8272
12,10165,8329
12,10185,8309
12,10156,8140
12,9983,7931
12,9665,7651
12,9333,7336
12,9134,7147
12,8993,6951
12,8837,6662
12,8624,6294
12,8463,5974
12,8385,5793
12,8383,5778
12,8725,6347
12,9230,7111
12,9502,7418
12,9686,7599
12,9866,7814
12,10020,8043
12,10110,8205
12,10155,8256
12,10185,8281
12,10196,8182
12,10067,7890
12,9770,7590
12,9438,7296
12,9173,6998
12,8928,6632
12,8739,6287
12,8515,5823
12,8323,5485
12,8163,5259
12,8058,5131
12,7988,5053
12,7976,5047
12,8449,5832
12,9240,7064
12,9557,7420
12,9801,7612
12,9986,7894
12,10110,8066
12,10168,8207
12,10183,8273
12,10189,8201
12,10131,7966
12,9975,7742
12,9725,7576
12,9403,7288
12,9120,6969
12,8889,6632
12,8670,6208
12,8444,5719
12,8255,5399
12,8059,5156
12,7925,4989
12,8017,5093
12,8845,6391
12,9312,7047
12,9608,7345
12,9877,7635
12,10056,7902
12,10157,8076
12,10187,8226
12,10202,8241
12,10195,8127
12,10091,7715
12,9891,7400
12,9545,7043
