28,6769,9734
28,6532,9648
28,6551,9652
28,6575,9684
28,6638,9809
28,6695,9896
28,6730,9897
28,6774,9950
28,6801,10006
28,6789,10061
28,6784,10100
28,6783,10121
28,6788,10141
28,6783,10141
28,6759,10123
28,6725,10055
28,6683,9931
28,6646,9816
28,6589,9728
28,6473,9553
28,6378,9385
28,6316,9300
28,6248,9219
28,6201,9134
28,6171,9056
28,6129,8977
28,6053,8826
28,5990,8677
28,5944,8565
28,5914,8443
28,5885,8304
28,5830,8127
28,5777,7964
28,5727,7780
28,5665,7570
28,5638,7447
28,5637,7425
28,5639,7434
28,5641,7445
28,5653,7501
28,5771,8026
28,5914,8500
28,6042,8822
28,6180,9131
28,6315,9374
28,6451,9596
28,6562,9819
28,6626,9964
28,6677,10034
28,6724,10088
28,6725,10130
28,6736,10160
28,6797,10168
28,6808,10162
28,6780,10141
28,6766,10099
28,6726,9999
28,6587,9781
28,6430,9544
28,6271,9249
28,6160,9036
28,6061,8837
28,5958,8586
28,5853,8304
28,5727,7937
28,5623,7609
28,5552,7374
28,5492,7215
28,5452,7115
28,5409,6974
28,5356,6835
28,5291,6655
28,5204,6435
28,5134,6270
28,5090,6153
28,5062,6052
28,5044,6001
28,5037,5971
28,5060,6047
28,5190,6539
28,5407,7417
28,5613,8031
28,5791,8528
28,5919,8824
28,6063,9092
28,6265,9418
28,6452,9700
28,6559,9899
28,6633,10023
28,6685,10089
28,6733,10130
28,6776,10153
28,6784,10177
28,6785,10192
28,6796,10202
28,6787,10185
28,6696,10096
28,6626,9956
28,6503,9731
28,6328,9396
28,6146,9015
28,6021,8711
28,5929,8470
28,5761,7999
28,5510,7279
28,5369,6912
28,5283,6702
28,5160,6400
28,5005,6109
28,4878,5869
28,4817,5690
28,4789,5566
28,4764,5468
28,4753,5400
28,4749,5378
28,4751,5383
28,4782,5516
28,4927,6253
28,5204,7493
28,5369,7958
28,5487,8228
28,5645,8538
28,5818,8826
28,6032,9130
28,6252,9447
28,6442,9703
28,6545,9885
28,6620,9998
28,6675,10055
28,6717,10091
28,6746,10112
28,6769,10134
28,6790,10147
28,6809,10148
28,6777,10096
28,6597,9881
28,6500,9670
28,6314,9305
28,6116,8941
28,6013,8721
28,5984,8653
28,5945,8585
28,5854,8414
28,5750,8193
28,5653,7985
28,5540,7745
28,5447,7485
28,5356,7231
28,5263,6964
28,5189,6739
