20,8745,9346
20,8667,9424
20,8669,9460
20,8680,9477
20,8706,9521
20,8739,9574
20,8718,9614
20,8675,9528
20,8516,9370
20,8390,9221
20,8219,8903
20,8187,8801
20,8089,8670
20,7933,8392
20,7721,8075
20,7574,7897
20,7455,7745
20,7404,7664
20,7330,7564
20,7241,7450
20,7182,7352
20,7260,7523
20,7634,8253
20,7791,8505
20,7970,8667
20,8139,8841
20,8281,8990
20,8395,9138
20,8448,9328
20,8460,9449
20,8501,9499
20,8528,9521
20,8555,9544
20,8580,9592
20,8614,9624
20,8646,9637
20,8655,9621
20,8596,9581
20,8504,9426
20,8355,9166
20,8252,9018
20,8123,8876
20,7998,8731
20,7876,8596
20,7781,8489
20,7712,8386
20,7651,8299
20,7569,8194
20,7414,8000
20,7181,7688
20,7060,7441
20,7007,7297
20,6951,7185
20,6907,7088
20,6849,6939
20,6815,6854
20,6832,6880
20,6969,7182
20,7332,7867
20,7640,8324
20,7892,8654
20,8151,9006
20,8323,9315
20,8451,9483
20,8523,9570
20,8534,9615
20,8556,9636
20,8603,9646
20,8628,9652
20,8645,9624
20,8608,9561
20,8526,9405
20,8398,9241
20,8227,9041
20,8043,8819
20,7907,8683
20,7818,8580
20,7745,8516
20,7624,8384
20,7468,8162
20,7329,7978
20,7222,7822
20,7083,7614
20,6927,7343
20,6792,7059
20,6677,6820
20,6547,6581
20,6403,6346
20,6312,6174
20,6255,6082
20,6215,6009
20,6175,5934
20,6149,5890
20,6199,5976
20,6363,6302
20,6578,6718
20,6755,7066
20,7129,7697
20,7417,8119
20,7667,8405
20,7900,8648
20,8101,8905
20,8293,9162
20,8467,9381
20,8574,9524
20,8619,9606
20,8634,9652
20,8671,9639
20,8646,9618
20,8634,9563
20,8614,9431
20,8469,9227
20,8244,8991
20,8086,8808
20,7952,8655
20,7834,8514
20,7705,8368
20,7556,8187
20,7377,7945
20,7157,7640
20,6968,7335
20,6859,7125
20,6786,6983
20,6693,6806
20,6557,6563
20,6425,6347
20,6351,6190
20,6309,6108
20,6280,6064
20,6268,6046
20,6316,6132
20,6503,6501
20,6760,7009
20,7012,7455
20,7334,7921
20,7653,8292
20,7898,8515
20,8095,8737
20,8266,9011
20,8372,9314
20,8417,9451
20,8464,9507
20,8510,9549
20,8550,9555
20,8609,9507
20,8594,9392
20,8495,9225
20,8295,9042
20,8055,8806
20,7840,8594
