10,9692,7112
10,9536,7223
10,9463,7222
10,9520,7253
10,9696,7337
10,9803,7413
10,9848,7498
10,9903,7573
10,9968,7708
10,10019,7824
10,10050,7914
10,10047,7958
10,9876,7914
10,9723,7865
10,9637,7722
10,9583,7530
10,9464,7380
10,9346,7309
10,9193,7247
10,8996,7132
10,8918,7041
10,8804,6918
10,8689,6820
10,8588,6726
10,8416,6576
10,8206,6347
10,8124,6227
10,7994,6047
10,7753,5794
10,7735,5756
10,7916,5990
10,8512,6765
10,8897,7109
10,9196,7367
10,9399,7554
10,9527,7675
10,9601,7772
10,9651,7854
10,9704,7875
10,9732,7899
10,9746,7912
10,9741,7855
10,9624,7675
10,9419,7492
10,9195,7312
10,8900,7030
10,8601,6759
10,8435,6620
10,8306,6530
10,8105,6323
10,7892,6045
10,7815,5896
10,7791,5814
10,7774,5756
10,7761,5720
10,7722,5642
10,7668,5542
10,7628,5459
10,7622,5423
10,7798,5662
10,8164,6211
10,8630,6765
10,8984,7066
10,9317,7401
10,9562,7640
10,9697,7761
10,9757,7833
10,9808,7843
10,9820,7844
10,9776,7812
10,9555,7627
10,9284,7362
10,9097,7192
10,8929,7061
10,8765,6928
10,8644,6802
10,8520,6637
10,8368,6488
10,8243,6368
10,8115,6207
10,7988,6028
10,7839,5788
10,7697,5555
10,7524,5276
10,7267,5018
10,7153,4910
10,7239,4966
10,7368,5084
10,7692,5551
10,8332,6445
10,8678,6817
10,8989,7074
10,9236,7279
10,9449,7508
10,9662,7701
10,9771,7808
10,9831,7879
10,9855,7893
10,9836,7813
10,9631,7599
10,9174,7181
10,8768,6750
10,8577,6544
10,8462,6436
10,8298,6236
10,8133,5970
10,7981,5750
10,7782,5506
10,7645,5280
10,7564,5150
10,7511,5069
10,7457,5001
10,7405,4949
10,7346,4902
10,7287,4861
10,7229,4827
10,7202,4808
10,7424,5025
10,7951,5811
10,8433,6492
10,8742,6826
10,9173,7144
10,9559,7478
10,9763,7666
10,9841,7764
10,9888,7780
10,9906,7814
10,9849,7793
10,9622,7546
10,9194,7108
10,8855,6706
10,8661,6514
10,8478,6326
10,8294,6091
10,8094,5815
10,7882,5544
10,7671,5239
10,7555,5077
10,7480,4964
10,7415,4879
10,7332,4798
10,7179,4708
10,7047,4644
10,6957,4616
10,6910,4606
10,7020,4682
10,7531,5285
10,8340,6420
10,8790,6881
10,9152,7154
