16,9356,8629
16,9238,8671
16,9230,8663
16,9240,8695
16,9262,8736
16,9251,8745
16,9189,8725
16,9133,8707
16,9059,8701
16,8937,8632
16,8861,8585
16,8796,8568
16,8793,8570
16,8844,8574
16,8897,8528
16,8899,8507
16,8800,8451
16,8723,8333
16,8611,8195
16,8520,8076
16,8417,7951
16,8257,7754
16,8130,7549
16,8060,7406
16,7973,7255
16,7873,7086
16,7768,6906
16,7646,6688
16,7511,6419
16,7392,6187
16,7263,5987
16,7130,5793
16,6993,5594
16,6877,5428
16,6786,5289
16,6724,5198
16,6732,5198
16,7122,5913
16,7599,6924
16,7826,7270
16,8031,7511
16,8261,7747
16,8479,7966
16,8650,8158
16,8758,8311
16,8827,8426
16,8881,8506
16,8919,8569
16,8920,8633
16,8939,8655
16,8950,8669
16,8948,8677
16,8937,8635
16,8924,8488
16,8826,8374
16,8672,8243
16,8579,8115
16,8520,8039
16,8440,7947
16,8330,7794
16,8221,7656
16,8125,7541
16,8017,7407
16,7910,7269
16,7799,7132
16,7755,7065
16,7711,7015
16,7653,6979
16,7568,6899
16,7471,6771
16,7339,6552
16,7200,6336
16,7096,6186
16,7002,6048
16,6928,5942
16,6882,5894
16,6936,5980
16,7322,6664
16,7656,7178
16,7806,7385
16,7923,7513
16,8100,7688
16,8305,7892
16,8536,8151
16,8685,8344
16,8780,8474
16,8851,8559
16,8908,8622
16,8918,8666
16,8921,8619
16,8805,8492
16,8621,8251
16,8400,8012
16,8202,7822
16,8062,7618
16,7934,7419
16,7842,7266
16,7767,7140
16,7696,7038
16,7572,6891
16,7420,6675
16,7261,6416
16,7146,6246
16,7050,6123
16,7007,6063
16,6993,6040
16,6970,6002
16,6925,5950
16,6974,6039
16,7601,7068
16,7960,7511
16,8222,7759
16,8460,8039
16,8649,8288
16,8791,8470
16,8857,8590
16,8879,8653
16,8903,8673
16,8923,8680
16,8930,8576
16,8754,8163
16,8429,7811
16,8142,7444
16,8071,7287
16,8002,7157
16,7856,6902
16,7681,6578
16,7484,6207
16,7331,5943
16,7225,5787
16,7141,5654
16,7052,5543
16,6981,5469
16,6917,5416
16,6862,5365
16,6815,5321
16,6778,5282
16,6818,5341
16,7142,5891
16,7560,6723
16,7841,7183
16,8086,7498
16,8331,7767
16,8536,8012
16,8685,8230
16,8814,8408
16,8891,8520
16,8916,8583
16,8926,8590
16,8923,8521
