14,9155,7612
14,9108,7720
14,9115,7714
14,9206,7837
14,9357,8026
14,9493,8155
14,9576,8326
14,9600,8469
14,9616,8432
14,9540,8171
14,9301,7809
14,9032,7530
14,8759,7123
14,8575,6919
14,8450,6805
14,8389,6654
14,8345,6573
14,8213,6429
14,8065,6111
14,7933,5895
14,7903,5879
14,7891,5881
14,7845,5839
14,7767,5737
14,7670,5597
14,7497,5394
14,7335,5220
14,7236,5117
14,7212,5083
14,7264,5125
14,7426,5316
14,7994,6319
14,8350,6908
14,8553,7183
14,8814,7522
14,9043,7828
14,9227,8123
14,9393,8284
14,9484,8405
14,9523,8481
14,9544,8514
14,9559,8492
14,9507,8258
14,9167,8113
14,8851,7885
14,8620,7505
14,8326,6985
14,8051,6520
14,7873,6264
14,7727,6062
14,7641,5927
14,7605,5850
14,7578,5788
14,7531,5721
14,7480,5652
14,7433,5601
14,7367,5525
14,7308,5462
14,7251,5389
14,7233,5356
14,7385,5533
14,7780,6116
14,8113,6650
14,8462,7144
14,8693,7428
14,8909,7678
14,9172,7915
14,9389,8134
14,9521,8388
14,9552,8457
14,9504,8462
14,9444,8378
14,9298,8092
14,8968,7852
14,8704,7634
14,8552,7412
14,8385,7158
14,8242,6924
14,8100,6745
14,7954,6547
14,7765,6277
14,7668,6112
14,7613,6008
14,7532,5876
14,7401,5687
14,7241,5470
14,7152,5342
14,7217,5412
14,7731,6193
14,8244,6927
14,8516,7256
14,8754,7511
14,8988,7779
14,9157,7956
14,9272,8095
14,9383,8246
14,9467,8376
14,9546,8445
14,9589,8500
14,9603,8530
14,9584,8290
14,9234,8062
14,8799,7798
14,8519,7459
14,8325,7223
14,8182,7031
14,7913,6656
14,7654,6318
14,7457,6084
14,7313,5854
14,7157,5606
14,7047,5439
14,6990,5361
14,6974,5336
14,7014,5381
14,7272,5772
14,7859,6596
14,8189,6989
14,8463,7254
14,8789,7546
14,9111,7838
14,9343,8103
14,9468,8307
14,9534,8432
14,9583,8471
14,9605,8437
14,9557,8380
14,9356,8163
14,9079,7885
14,8793,7615
14,8540,7360
14,8422,7229
14,8290,7088
14,8084,6811
14,7926,6586
14,7769,6388
14,7617,6203
14,7463,6018
14,7315,5818
14,7214,5675
14,7141,5574
14,7140,5553
14,7449,5981
14,8283,7058
14,8674,7429
14,9041,7757
14,9292,8015
14,9467,8208
14,9564,8319
14,9599,8412
