2,10101,5419
2,10574,5633
2,10549,5635
2,10533,5645
2,10525,5645
2,10519,5637
2,10532,5623
2,10559,5653
2,10567,5702
2,10477,5744
2,10379,5788
2,10369,5826
2,10400,5859
2,10426,5880
2,10437,5896
2,10456,5910
2,10479,5908
2,10402,5917
2,10287,5900
2,10261,5834
2,10172,5735
2,9980,5558
2,9785,5401
2,9681,5360
2,9592,5325
2,9468,5254
2,9274,5130
2,9117,5004
2,8950,4900
2,8834,4855
2,8849,4863
2,9301,5140
2,9805,5425
2,10036,5534
2,10185,5634
2,10292,5684
2,10377,5747
2,10439,5783
2,10482,5841
2,10504,5831
2,10513,5834
2,10524,5856
2,10517,5863
2,10460,5914
2,10388,5917
2,10338,5842
2,10281,5769
2,10189,5679
2,10064,5584
2,9923,5476
2,9687,5308
2,9337,5072
2,9178,4967
2,9041,4894
2,8708,4708
2,8433,4578
2,8325,4559
2,8316,4559
2,8327,4561
2,8533,4644
2,9278,5095
2,9782,5396
2,9983,5492
2,10119,5564
2,10236,5627
2,10349,5702
2,10438,5793
2,10484,5814
2,10505,5860
2,10531,5890
2,10532,5892
2,10504,5888
2,10460,5815
2,10394,5672
2,10295,5576
2,10183,5533
2,10057,5474
2,9932,5368
2,9861,5321
2,9730,5252
2,9533,5098
2,9375,4984
2,9312,4965
2,9269,4946
2,9181,4902
2,9034,4820
2,8883,4740
2,8810,4704
2,8783,4685
2,8718,4664
2,8689,4658
2,8914,4791
2,9546,5199
2,9806,5342
2,9991,5419
2,10142,5475
2,10276,5514
2,10410,5605
2,10491,5688
2,10532,5739
2,10548,5761
2,10555,5783
2,10539,5793
2,10492,5744
2,10411,5703
2,10283,5656
2,10102,5545
2,9933,5433
2,9847,5383
2,9719,5306
2,9525,5170
2,9317,5018
2,9087,4868
2,8770,4694
2,8314,4553
2,8073,4544
2,8024,4543
2,7995,4543
2,7911,4540
2,7791,4538
2,7802,4539
2,8186,4574
2,8846,4789
2,9298,5077
2,9596,5291
2,9791,5410
2,9965,5501
2,10156,5597
2,10330,5728
2,10431,5815
2,10488,5859
2,10516,5883
2,10535,5901
2,10541,5890
2,10551,5858
2,10531,5829
2,10462,5750
2,10352,5698
2,10227,5696
2,10139,5619
2,10046,5495
2,9938,5382
2,9888,5368
2,9879,5411
2,9834,5393
2,9739,5346
2,9683,5328
2,9587,5283
2,9507,5244
2,9476,5232
