26,6675,8112
26,6501,7824
26,6484,7771
26,6481,7754
26,6480,7762
26,6481,7779
26,6492,7807
26,6534,7901
26,6571,8014
26,6677,8309
26,6751,8476
26,6878,8829
26,6978,9058
26,7103,9289
26,7195,9505
26,7256,9655
26,7259,9737
26,7258,9784
26,7264,9819
26,7288,9823
26,7256,9782
26,7150,9702
26,7037,9535
26,6905,9160
26,6721,8775
26,6541,8471
26,6431,8255
26,6317,8002
26,6228,7778
26,6207,7717
26,6193,7674
26,6163,7605
26,6118,7509
26,6073,7414
26,6057,7357
26,6056,7335
26,6040,7301
26,6018,7256
26,5998,7189
26,5975,7092
26,5977,7067
26,6012,7167
26,6138,7585
26,6330,8106
26,6498,8533
26,6643,8796
26,6775,9044
26,6866,9202
26,6961,9366
26,7072,9511
26,7162,9637
26,7217,9722
26,7244,9792
26,7214,9849
26,7140,9885
26,7172,9889
26,7167,9840
26,7077,9703
26,6943,9400
26,6793,9044
26,6629,8692
26,6462,8392
26,6322,8079
26,6260,7931
26,6212,7835
26,6173,7735
26,6134,7643
26,6068,7502
26,6021,7378
26,5992,7301
26,5902,7070
26,5741,6664
26,5585,6274
26,5532,6132
26,5505,6058
26,5509,6050
26,5554,6130
26,5689,6483
26,5916,7267
26,6145,7933
26,6360,8440
26,6567,8846
26,6786,9214
26,6971,9533
26,7077,9726
26,7160,9824
26,7204,9873
26,7214,9908
26,7234,9918
26,7215,9877
26,7141,9724
26,7036,9498
26,6836,9141
26,6643,8836
26,6483,8616
26,6276,8253
26,6067,7851
26,5973,7656
26,5912,7535
26,5877,7466
26,5873,7442
26,5843,7370
26,5800,7264
26,5765,7224
26,5743,7225
26,5726,7220
26,5701,7194
26,5681,7192
26,5691,7229
26,5745,7374
26,5882,7769
26,6077,8244
26,6281,8594
26,6469,8829
26,6700,9122
26,6921,9409
26,7080,9630
26,7168,9772
26,7211,9851
26,7223,9901
26,7239,9919
26,7225,9890
26,7161,9751
26,7055,9508
26,6886,9204
26,6700,8887
26,6553,8640
26,6436,8442
26,6366,8319
26,6283,8143
26,6179,7930
26,6095,7764
26,6005,7546
26,5930,7365
26,5895,7302
26,5833,7200
26,5726,6996
26,5578,6703
26,5485,6498
26,5478,6456
26,5744,7080
26,6109,7948
26,6278,8278
26,6439,8552
26,6625,8837
26,6830,9141
26,6980,9403
26,7077,9656
26,7146,9792
26,7196,9856
