22,7682,8521
22,7882,8853
22,7968,9015
22,8036,9145
22,8078,9268
22,8104,9393
22,8135,9458
22,8152,9517
22,8126,9600
22,8130,9646
22,8150,9681
22,8224,9677
22,8257,9687
22,8276,9739
22,8273,9710
22,8195,9669
22,8150,9559
22,8017,9258
22,7913,9086
22,7799,8938
22,7612,8625
22,7435,8345
22,7283,8002
22,7057,7490
22,6851,7096
22,6677,6757
22,6570,6535
22,6500,6394
22,6446,6261
22,6413,6177
22,6453,6244
22,6620,6667
22,6794,7059
22,7008,7529
22,7144,7819
22,7291,8053
22,7469,8328
22,7636,8558
22,7839,8869
22,7993,9246
22,8107,9504
22,8184,9615
22,8243,9670
22,8257,9733
22,8239,9783
22,8249,9768
22,8199,9685
22,8150,9482
22,8004,9230
22,7778,8867
22,7608,8597
22,7459,8365
22,7317,8146
22,7235,8011
22,7130,7829
22,6998,7543
22,6831,7195
22,6698,6966
22,6635,6865
22,6588,6797
22,6555,6743
22,6540,6719
22,6618,6874
22,6827,7281
22,7004,7623
22,7173,7926
22,7302,8153
22,7416,8328
22,7611,8553
22,7817,8875
22,8007,9272
22,8132,9539
22,8199,9677
22,8216,9749
22,8223,9813
22,8255,9841
22,8266,9820
22,8191,9740
22,8003,9448
22,7818,9168
22,7717,9045
22,7569,8912
22,7453,8766
22,7372,8638
22,7254,8430
22,7116,8178
22,6990,7942
22,6837,7651
22,6702,7433
22,6594,7213
22,6471,6988
22,6390,6869
22,6319,6749
22,6219,6587
22,6170,6499
22,6354,6899
22,6594,7381
22,7135,8220
22,7357,8505
22,7669,8844
22,7939,9168
22,8078,9461
22,8124,9664
22,8166,9746
22,8206,9794
22,8142,9868
22,8268,9887
22,8291,9878
22,8253,9772
22,8121,9507
22,7889,9115
22,7673,8807
22,7513,8595
22,7396,8418
22,7257,8156
22,7098,7843
22,7031,7728
22,6999,7669
22,6966,7627
22,6887,7499
22,6795,7348
22,6702,7182
22,6606,7016
22,6527,6904
22,6494,6869
22,6478,6859
22,6461,6851
22,6617,7190
22,6910,7763
22,7139,8116
22,7312,8411
22,7522,8673
22,7793,9035
22,7975,9429
22,8097,9707
22,8183,9813
22,8251,9863
22,8314,9883
22,8311,9901
22,8196,9876
22,8078,9726
22,7996,9488
22,7848,9213
22,7656,8916
22,7467,8706
22,7312,8534
22,7183,8317
22,7002,7994
22,6840,7731
22,6713,7520
