8,9515,6500
8,10126,7087
8,10143,7102
8,10193,7148
8,10276,7271
8,10360,7371
8,10446,7424
8,10504,7478
8,10533,7540
8,10540,7574
8,10527,7488
8,10398,7289
8,10181,7087
8,9962,6883
8,9803,6748
8,9614,6562
8,9457,6401
8,9269,6199
8,9021,5928
8,8925,5812
8,8868,5751
8,8782,5670
8,8868,5768
8,9183,6146
8,9497,6472
8,9644,6577
8,9842,6727
8,10029,6864
8,10216,7012
8,10353,7183
8,10457,7235
8,10547,7259
8,10604,7422
8,10642,7466
8,10637,7506
8,10626,7501
8,10583,7408
8,10447,7156
8,10224,7036
8,9988,6895
8,9854,6813
8,9772,6775
8,9671,6691
8,9490,6544
8,9352,6433
8,9251,6332
8,9131,6180
8,9049,6036
8,9005,5941
8,9049,5963
8,9378,6368
8,9803,6754
8,10105,6962
8,10293,7097
8,10453,7208
8,10568,7263
8,10646,7374
8,10656,7482
8,10671,7452
8,10635,7285
8,10475,7056
8,10223,6951
8,9921,6816
8,9657,6638
8,9524,6546
8,9487,6523
8,9433,6495
8,9328,6404
8,9230,6297
8,9145,6218
8,9056,6107
8,8978,6012
8,8925,5935
8,8932,5937
8,9039,6081
8,9179,6284
8,9383,6494
8,9684,6725
8,9918,6847
8,10132,6958
8,10332,7061
8,10494,7221
8,10601,7334
8,10668,7449
8,10696,7463
8,10692,7389
8,10566,7220
8,10309,7088
8,9967,6834
8,9765,6671
8,9624,6546
8,9477,6398
8,9311,6216
8,9162,6049
8,8988,5841
8,8786,5626
8,8610,5427
8,8491,5287
8,8390,5144
8,8283,5045
8,8185,4959
8,8155,4925
8,8363,5100
8,8927,5714
8,9315,6188
8,9603,6438
8,9861,6620
8,10113,6803
8,10330,6954
8,10508,7140
8,10616,7253
8,10670,7348
8,10693,7403
8,10702,7420
8,10679,7438
8,10559,7335
8,10292,7166
8,10061,7023
8,9842,6866
8,9669,6743
8,9573,6653
8,9516,6597
8,9480,6564
8,9419,6516
8,9323,6443
8,9154,6253
8,9047,6119
8,9000,6059
8,8936,5991
8,8844,5883
8,8759,5777
8,8670,5706
8,8612,5663
8,8580,5648
8,8697,5761
8,9103,6224
8,9430,6529
8,9661,6704
8,9894,6847
8,10187,6996
8,10427,7159
8,10588,7340
8,10671,7460
8,10703,7528
8,10691,7598
8,10719,7571
8,10724,7471
8,10654,7241
8,10466,6892
8,10157,6759
